# E_nu vs number of antineutrino per MeV per fission
 1.80  0.14513E+01
 1.81  0.14405E+01
 1.82  0.14297E+01
 1.83  0.14191E+01
 1.84  0.14085E+01
 1.85  0.13980E+01
 1.86  0.13876E+01
 1.87  0.13772E+01
 1.88  0.13669E+01
 1.89  0.13567E+01
 1.90  0.13465E+01
 1.91  0.13364E+01
 1.92  0.13264E+01
 1.93  0.13165E+01
 1.94  0.13066E+01
 1.95  0.12968E+01
 1.96  0.12870E+01
 1.97  0.12773E+01
 1.98  0.12677E+01
 1.99  0.12582E+01
 2.00  0.12487E+01
 2.01  0.12392E+01
 2.02  0.12299E+01
 2.03  0.12206E+01
 2.04  0.12114E+01
 2.05  0.12022E+01
 2.06  0.11931E+01
 2.07  0.11840E+01
 2.08  0.11751E+01
 2.09  0.11661E+01
 2.10  0.11573E+01
 2.11  0.11485E+01
 2.12  0.11398E+01
 2.13  0.11311E+01
 2.14  0.11225E+01
 2.15  0.11139E+01
 2.16  0.11054E+01
 2.17  0.10970E+01
 2.18  0.10886E+01
 2.19  0.10803E+01
 2.20  0.10720E+01
 2.21  0.10638E+01
 2.22  0.10557E+01
 2.23  0.10476E+01
 2.24  0.10395E+01
 2.25  0.10316E+01
 2.26  0.10236E+01
 2.27  0.10158E+01
 2.28  0.10079E+01
 2.29  0.10002E+01
 2.30  0.99248E+00
 2.31  0.98483E+00
 2.32  0.97724E+00
 2.33  0.96969E+00
 2.34  0.96220E+00
 2.35  0.95476E+00
 2.36  0.94738E+00
 2.37  0.94004E+00
 2.38  0.93276E+00
 2.39  0.92553E+00
 2.40  0.91835E+00
 2.41  0.91122E+00
 2.42  0.90414E+00
 2.43  0.89711E+00
 2.44  0.89013E+00
 2.45  0.88320E+00
 2.46  0.87632E+00
 2.47  0.86949E+00
 2.48  0.86271E+00
 2.49  0.85597E+00
 2.50  0.84929E+00
 2.51  0.84265E+00
 2.52  0.83605E+00
 2.53  0.82951E+00
 2.54  0.82301E+00
 2.55  0.81656E+00
 2.56  0.81015E+00
 2.57  0.80379E+00
 2.58  0.79748E+00
 2.59  0.79121E+00
 2.60  0.78499E+00
 2.61  0.77881E+00
 2.62  0.77267E+00
 2.63  0.76658E+00
 2.64  0.76053E+00
 2.65  0.75453E+00
 2.66  0.74857E+00
 2.67  0.74265E+00
 2.68  0.73678E+00
 2.69  0.73095E+00
 2.70  0.72516E+00
 2.71  0.71941E+00
 2.72  0.71370E+00
 2.73  0.70804E+00
 2.74  0.70241E+00
 2.75  0.69683E+00
 2.76  0.69129E+00
 2.77  0.68579E+00
 2.78  0.68033E+00
 2.79  0.67490E+00
 2.80  0.66952E+00
 2.81  0.66418E+00
 2.82  0.65887E+00
 2.83  0.65361E+00
 2.84  0.64838E+00
 2.85  0.64319E+00
 2.86  0.63804E+00
 2.87  0.63293E+00
 2.88  0.62785E+00
 2.89  0.62281E+00
 2.90  0.61781E+00
 2.91  0.61285E+00
 2.92  0.60792E+00
 2.93  0.60303E+00
 2.94  0.59817E+00
 2.95  0.59335E+00
 2.96  0.58857E+00
 2.97  0.58382E+00
 2.98  0.57911E+00
 2.99  0.57443E+00
 3.00  0.56978E+00
 3.01  0.56517E+00
 3.02  0.56060E+00
 3.03  0.55606E+00
 3.04  0.55155E+00
 3.05  0.54707E+00
 3.06  0.54263E+00
 3.07  0.53822E+00
 3.08  0.53385E+00
 3.09  0.52951E+00
 3.10  0.52520E+00
 3.11  0.52092E+00
 3.12  0.51667E+00
 3.13  0.51246E+00
 3.14  0.50828E+00
 3.15  0.50412E+00
 3.16  0.50000E+00
 3.17  0.49591E+00
 3.18  0.49186E+00
 3.19  0.48783E+00
 3.20  0.48383E+00
 3.21  0.47986E+00
 3.22  0.47592E+00
 3.23  0.47202E+00
 3.24  0.46814E+00
 3.25  0.46429E+00
 3.26  0.46047E+00
 3.27  0.45668E+00
 3.28  0.45291E+00
 3.29  0.44918E+00
 3.30  0.44547E+00
 3.31  0.44179E+00
 3.32  0.43814E+00
 3.33  0.43452E+00
 3.34  0.43093E+00
 3.35  0.42736E+00
 3.36  0.42382E+00
 3.37  0.42031E+00
 3.38  0.41682E+00
 3.39  0.41336E+00
 3.40  0.40992E+00
 3.41  0.40652E+00
 3.42  0.40314E+00
 3.43  0.39978E+00
 3.44  0.39645E+00
 3.45  0.39315E+00
 3.46  0.38987E+00
 3.47  0.38661E+00
 3.48  0.38338E+00
 3.49  0.38018E+00
 3.50  0.37700E+00
 3.51  0.37385E+00
 3.52  0.37071E+00
 3.53  0.36761E+00
 3.54  0.36452E+00
 3.55  0.36147E+00
 3.56  0.35843E+00
 3.57  0.35542E+00
 3.58  0.35243E+00
 3.59  0.34946E+00
 3.60  0.34652E+00
 3.61  0.34360E+00
 3.62  0.34070E+00
 3.63  0.33783E+00
 3.64  0.33498E+00
 3.65  0.33215E+00
 3.66  0.32934E+00
 3.67  0.32655E+00
 3.68  0.32379E+00
 3.69  0.32104E+00
 3.70  0.31832E+00
 3.71  0.31562E+00
 3.72  0.31294E+00
 3.73  0.31028E+00
 3.74  0.30765E+00
 3.75  0.30503E+00
 3.76  0.30243E+00
 3.77  0.29985E+00
 3.78  0.29730E+00
 3.79  0.29476E+00
 3.80  0.29225E+00
 3.81  0.28975E+00
 3.82  0.28727E+00
 3.83  0.28481E+00
 3.84  0.28238E+00
 3.85  0.27996E+00
 3.86  0.27756E+00
 3.87  0.27518E+00
 3.88  0.27281E+00
 3.89  0.27047E+00
 3.90  0.26815E+00
 3.91  0.26584E+00
 3.92  0.26355E+00
 3.93  0.26128E+00
 3.94  0.25903E+00
 3.95  0.25679E+00
 3.96  0.25458E+00
 3.97  0.25238E+00
 3.98  0.25019E+00
 3.99  0.24803E+00
 4.00  0.24588E+00
 4.01  0.24375E+00
 4.02  0.24164E+00
 4.03  0.23954E+00
 4.04  0.23746E+00
 4.05  0.23540E+00
 4.06  0.23335E+00
 4.07  0.23132E+00
 4.08  0.22931E+00
 4.09  0.22731E+00
 4.10  0.22533E+00
 4.11  0.22336E+00
 4.12  0.22141E+00
 4.13  0.21948E+00
 4.14  0.21756E+00
 4.15  0.21565E+00
 4.16  0.21376E+00
 4.17  0.21189E+00
 4.18  0.21003E+00
 4.19  0.20819E+00
 4.20  0.20636E+00
 4.21  0.20454E+00
 4.22  0.20275E+00
 4.23  0.20096E+00
 4.24  0.19919E+00
 4.25  0.19743E+00
 4.26  0.19569E+00
 4.27  0.19396E+00
 4.28  0.19225E+00
 4.29  0.19055E+00
 4.30  0.18886E+00
 4.31  0.18719E+00
 4.32  0.18553E+00
 4.33  0.18388E+00
 4.34  0.18225E+00
 4.35  0.18063E+00
 4.36  0.17903E+00
 4.37  0.17743E+00
 4.38  0.17585E+00
 4.39  0.17428E+00
 4.40  0.17273E+00
 4.41  0.17119E+00
 4.42  0.16966E+00
 4.43  0.16814E+00
 4.44  0.16664E+00
 4.45  0.16514E+00
 4.46  0.16366E+00
 4.47  0.16220E+00
 4.48  0.16074E+00
 4.49  0.15930E+00
 4.50  0.15786E+00
 4.51  0.15644E+00
 4.52  0.15503E+00
 4.53  0.15364E+00
 4.54  0.15225E+00
 4.55  0.15088E+00
 4.56  0.14951E+00
 4.57  0.14816E+00
 4.58  0.14682E+00
 4.59  0.14549E+00
 4.60  0.14417E+00
 4.61  0.14286E+00
 4.62  0.14156E+00
 4.63  0.14028E+00
 4.64  0.13900E+00
 4.65  0.13773E+00
 4.66  0.13648E+00
 4.67  0.13523E+00
 4.68  0.13400E+00
 4.69  0.13277E+00
 4.70  0.13156E+00
 4.71  0.13036E+00
 4.72  0.12916E+00
 4.73  0.12798E+00
 4.74  0.12680E+00
 4.75  0.12564E+00
 4.76  0.12448E+00
 4.77  0.12334E+00
 4.78  0.12220E+00
 4.79  0.12107E+00
 4.80  0.11995E+00
 4.81  0.11885E+00
 4.82  0.11775E+00
 4.83  0.11666E+00
 4.84  0.11558E+00
 4.85  0.11450E+00
 4.86  0.11344E+00
 4.87  0.11239E+00
 4.88  0.11134E+00
 4.89  0.11030E+00
 4.90  0.10928E+00
 4.91  0.10826E+00
 4.92  0.10725E+00
 4.93  0.10624E+00
 4.94  0.10525E+00
 4.95  0.10426E+00
 4.96  0.10328E+00
 4.97  0.10231E+00
 4.98  0.10135E+00
 4.99  0.10040E+00
 5.00  0.99455E-01
 5.01  0.98517E-01
 5.02  0.97587E-01
 5.03  0.96665E-01
 5.04  0.95751E-01
 5.05  0.94845E-01
 5.06  0.93946E-01
 5.07  0.93054E-01
 5.08  0.92170E-01
 5.09  0.91294E-01
 5.10  0.90425E-01
 5.11  0.89563E-01
 5.12  0.88708E-01
 5.13  0.87861E-01
 5.14  0.87020E-01
 5.15  0.86187E-01
 5.16  0.85361E-01
 5.17  0.84542E-01
 5.18  0.83729E-01
 5.19  0.82924E-01
 5.20  0.82125E-01
 5.21  0.81333E-01
 5.22  0.80548E-01
 5.23  0.79769E-01
 5.24  0.78997E-01
 5.25  0.78232E-01
 5.26  0.77472E-01
 5.27  0.76720E-01
 5.28  0.75973E-01
 5.29  0.75233E-01
 5.30  0.74500E-01
 5.31  0.73772E-01
 5.32  0.73051E-01
 5.33  0.72335E-01
 5.34  0.71626E-01
 5.35  0.70923E-01
 5.36  0.70226E-01
 5.37  0.69534E-01
 5.38  0.68849E-01
 5.39  0.68169E-01
 5.40  0.67495E-01
 5.41  0.66827E-01
 5.42  0.66165E-01
 5.43  0.65508E-01
 5.44  0.64857E-01
 5.45  0.64211E-01
 5.46  0.63571E-01
 5.47  0.62936E-01
 5.48  0.62307E-01
 5.49  0.61683E-01
 5.50  0.61064E-01
 5.51  0.60451E-01
 5.52  0.59842E-01
 5.53  0.59239E-01
 5.54  0.58642E-01
 5.55  0.58049E-01
 5.56  0.57461E-01
 5.57  0.56879E-01
 5.58  0.56301E-01
 5.59  0.55728E-01
 5.60  0.55161E-01
 5.61  0.54598E-01
 5.62  0.54040E-01
 5.63  0.53486E-01
 5.64  0.52938E-01
 5.65  0.52394E-01
 5.66  0.51855E-01
 5.67  0.51320E-01
 5.68  0.50790E-01
 5.69  0.50265E-01
 5.70  0.49744E-01
 5.71  0.49227E-01
 5.72  0.48715E-01
 5.73  0.48208E-01
 5.74  0.47704E-01
 5.75  0.47206E-01
 5.76  0.46711E-01
 5.77  0.46221E-01
 5.78  0.45735E-01
 5.79  0.45253E-01
 5.80  0.44775E-01
 5.81  0.44301E-01
 5.82  0.43832E-01
 5.83  0.43366E-01
 5.84  0.42905E-01
 5.85  0.42448E-01
 5.86  0.41994E-01
 5.87  0.41545E-01
 5.88  0.41099E-01
 5.89  0.40657E-01
 5.90  0.40220E-01
 5.91  0.39786E-01
 5.92  0.39355E-01
 5.93  0.38929E-01
 5.94  0.38506E-01
 5.95  0.38087E-01
 5.96  0.37671E-01
 5.97  0.37259E-01
 5.98  0.36851E-01
 5.99  0.36446E-01
 6.00  0.36045E-01
 6.01  0.35648E-01
 6.02  0.35253E-01
 6.03  0.34863E-01
 6.04  0.34475E-01
 6.05  0.34092E-01
 6.06  0.33711E-01
 6.07  0.33334E-01
 6.08  0.32960E-01
 6.09  0.32590E-01
 6.10  0.32222E-01
 6.11  0.31858E-01
 6.12  0.31498E-01
 6.13  0.31140E-01
 6.14  0.30785E-01
 6.15  0.30434E-01
 6.16  0.30086E-01
 6.17  0.29741E-01
 6.18  0.29399E-01
 6.19  0.29060E-01
 6.20  0.28724E-01
 6.21  0.28391E-01
 6.22  0.28061E-01
 6.23  0.27734E-01
 6.24  0.27410E-01
 6.25  0.27089E-01
 6.26  0.26770E-01
 6.27  0.26455E-01
 6.28  0.26142E-01
 6.29  0.25832E-01
 6.30  0.25525E-01
 6.31  0.25221E-01
 6.32  0.24919E-01
 6.33  0.24621E-01
 6.34  0.24325E-01
 6.35  0.24031E-01
 6.36  0.23740E-01
 6.37  0.23452E-01
 6.38  0.23167E-01
 6.39  0.22884E-01
 6.40  0.22604E-01
 6.41  0.22326E-01
 6.42  0.22051E-01
 6.43  0.21778E-01
 6.44  0.21508E-01
 6.45  0.21241E-01
 6.46  0.20976E-01
 6.47  0.20713E-01
 6.48  0.20453E-01
 6.49  0.20195E-01
 6.50  0.19939E-01
 6.51  0.19686E-01
 6.52  0.19436E-01
 6.53  0.19187E-01
 6.54  0.18941E-01
 6.55  0.18698E-01
 6.56  0.18456E-01
 6.57  0.18217E-01
 6.58  0.17980E-01
 6.59  0.17746E-01
 6.60  0.17513E-01
 6.61  0.17283E-01
 6.62  0.17055E-01
 6.63  0.16829E-01
 6.64  0.16606E-01
 6.65  0.16384E-01
 6.66  0.16165E-01
 6.67  0.15947E-01
 6.68  0.15732E-01
 6.69  0.15519E-01
 6.70  0.15308E-01
 6.71  0.15099E-01
 6.72  0.14893E-01
 6.73  0.14688E-01
 6.74  0.14485E-01
 6.75  0.14284E-01
 6.76  0.14085E-01
 6.77  0.13888E-01
 6.78  0.13694E-01
 6.79  0.13501E-01
 6.80  0.13310E-01
 6.81  0.13121E-01
 6.82  0.12933E-01
 6.83  0.12748E-01
 6.84  0.12565E-01
 6.85  0.12383E-01
 6.86  0.12204E-01
 6.87  0.12026E-01
 6.88  0.11850E-01
 6.89  0.11676E-01
 6.90  0.11503E-01
 6.91  0.11333E-01
 6.92  0.11164E-01
 6.93  0.10997E-01
 6.94  0.10832E-01
 6.95  0.10668E-01
 6.96  0.10506E-01
 6.97  0.10346E-01
 6.98  0.10188E-01
 6.99  0.10031E-01
 7.00  0.98763E-02
 7.01  0.97230E-02
 7.02  0.95714E-02
 7.03  0.94214E-02
 7.04  0.92731E-02
 7.05  0.91264E-02
 7.06  0.89814E-02
 7.07  0.88379E-02
 7.08  0.86961E-02
 7.09  0.85558E-02
 7.10  0.84171E-02
 7.11  0.82800E-02
 7.12  0.81445E-02
 7.13  0.80105E-02
 7.14  0.78780E-02
 7.15  0.77471E-02
 7.16  0.76177E-02
 7.17  0.74898E-02
 7.18  0.73634E-02
 7.19  0.72385E-02
 7.20  0.71151E-02
 7.21  0.69931E-02
 7.22  0.68726E-02
 7.23  0.67536E-02
 7.24  0.66359E-02
 7.25  0.65198E-02
 7.26  0.64050E-02
 7.27  0.62917E-02
 7.28  0.61797E-02
 7.29  0.60692E-02
 7.30  0.59600E-02
 7.31  0.58522E-02
 7.32  0.57457E-02
 7.33  0.56407E-02
 7.34  0.55369E-02
 7.35  0.54345E-02
 7.36  0.53335E-02
 7.37  0.52337E-02
 7.38  0.51353E-02
 7.39  0.50381E-02
 7.40  0.49423E-02
 7.41  0.48477E-02
 7.42  0.47544E-02
 7.43  0.46624E-02
 7.44  0.45716E-02
 7.45  0.44821E-02
 7.46  0.43938E-02
 7.47  0.43067E-02
 7.48  0.42208E-02
 7.49  0.41362E-02
 7.50  0.40527E-02
 7.51  0.39705E-02
 7.52  0.38894E-02
 7.53  0.38095E-02
 7.54  0.37308E-02
 7.55  0.36532E-02
 7.56  0.35768E-02
 7.57  0.35015E-02
 7.58  0.34273E-02
 7.59  0.33543E-02
 7.60  0.32824E-02
 7.61  0.32115E-02
 7.62  0.31418E-02
 7.63  0.30732E-02
 7.64  0.30056E-02
 7.65  0.29391E-02
 7.66  0.28736E-02
 7.67  0.28092E-02
 7.68  0.27459E-02
 7.69  0.26835E-02
 7.70  0.26222E-02
 7.71  0.25619E-02
 7.72  0.25026E-02
 7.73  0.24443E-02
 7.74  0.23870E-02
 7.75  0.23307E-02
 7.76  0.22753E-02
 7.77  0.22209E-02
 7.78  0.21674E-02
 7.79  0.21149E-02
 7.80  0.20633E-02
 7.81  0.20126E-02
 7.82  0.19629E-02
 7.83  0.19140E-02
 7.84  0.18660E-02
 7.85  0.18190E-02
 7.86  0.17727E-02
 7.87  0.17274E-02
 7.88  0.16829E-02
 7.89  0.16393E-02
 7.90  0.15965E-02
 7.91  0.15545E-02
 7.92  0.15134E-02
 7.93  0.14731E-02
 7.94  0.14335E-02
 7.95  0.13948E-02
 7.96  0.13568E-02
 7.97  0.13197E-02
 7.98  0.12833E-02
 7.99  0.12476E-02
 8.00  0.12127E-02
 8.01  0.11785E-02
 8.02  0.11451E-02
 8.03  0.11123E-02
 8.04  0.10803E-02
 8.05  0.10490E-02
 8.06  0.10183E-02
 8.07  0.98839E-03
 8.08  0.95911E-03
 8.09  0.93049E-03
 8.10  0.90253E-03
 8.11  0.87521E-03
 8.12  0.84852E-03
 8.13  0.82246E-03
 8.14  0.79702E-03
 8.15  0.77218E-03
 8.16  0.74794E-03
 8.17  0.72429E-03
 8.18  0.70121E-03
 8.19  0.67871E-03
 8.20  0.65677E-03
 8.21  0.63538E-03
 8.22  0.61454E-03
 8.23  0.59423E-03
 8.24  0.57444E-03
 8.25  0.55517E-03
 8.26  0.53641E-03
 8.27  0.51815E-03
 8.28  0.50037E-03
 8.29  0.48308E-03
 8.30  0.46626E-03
 8.31  0.44990E-03
 8.32  0.43399E-03
 8.33  0.41854E-03
 8.34  0.40352E-03
 8.35  0.38893E-03
 8.36  0.37476E-03
 8.37  0.36100E-03
 8.38  0.34765E-03
 8.39  0.33469E-03
 8.40  0.32212E-03
 8.41  0.30993E-03
 8.42  0.29811E-03
 8.43  0.28666E-03
 8.44  0.27556E-03
 8.45  0.26481E-03
 8.46  0.25439E-03
 8.47  0.24431E-03
 8.48  0.23456E-03
 8.49  0.22512E-03
 8.50  0.21599E-03
 8.51  0.20717E-03
 8.52  0.19864E-03
 8.53  0.19039E-03
 8.54  0.18243E-03
 8.55  0.17474E-03
 8.56  0.16732E-03
 8.57  0.16015E-03
 8.58  0.15324E-03
 8.59  0.14658E-03
 8.60  0.14016E-03
 8.61  0.13397E-03
 8.62  0.12800E-03
 8.63  0.12226E-03
 8.64  0.11673E-03
 8.65  0.11141E-03
 8.66  0.10630E-03
 8.67  0.10138E-03
 8.68  0.96646E-04
 8.69  0.92101E-04
 8.70  0.87736E-04
 8.71  0.83544E-04
 8.72  0.79522E-04
 8.73  0.75662E-04
 8.74  0.71961E-04
 8.75  0.68413E-04
 8.76  0.65013E-04
 8.77  0.61757E-04
 8.78  0.58639E-04
 8.79  0.55655E-04
 8.80  0.52800E-04
 8.81  0.50070E-04
 8.82  0.47460E-04
 8.83  0.44967E-04
 8.84  0.42586E-04
 8.85  0.40313E-04
 8.86  0.38144E-04
 8.87  0.36076E-04
 8.88  0.34104E-04
 8.89  0.32224E-04
 8.90  0.30435E-04
 8.91  0.28731E-04
 8.92  0.27109E-04
 8.93  0.25567E-04
 8.94  0.24101E-04
 8.95  0.22708E-04
 8.96  0.21385E-04
 8.97  0.20129E-04
 8.98  0.18937E-04
 8.99  0.17807E-04
 9.00  0.16735E-04
 9.01  0.15720E-04
 9.02  0.14759E-04
 9.03  0.13850E-04
 9.04  0.12989E-04
 9.05  0.12176E-04
 9.06  0.11407E-04
 9.07  0.10682E-04
 9.08  0.99964E-05
 9.09  0.93500E-05
 9.10  0.87406E-05
 9.11  0.81663E-05
 9.12  0.76254E-05
 9.13  0.71162E-05
 9.14  0.66373E-05
 9.15  0.61869E-05
 9.16  0.57638E-05
 9.17  0.53664E-05
 9.18  0.49934E-05
 9.19  0.46436E-05
 9.20  0.43156E-05
 9.21  0.40083E-05
 9.22  0.37207E-05
 9.23  0.34515E-05
 9.24  0.31998E-05
 9.25  0.29645E-05
