 2.00    3.07463e-06
 2.10    4.55340e-06
 2.20    6.20203e-06
 2.30    8.03105e-06
 2.40    1.00441e-05
 2.50    1.22427e-05
 2.60    1.46270e-05
 2.70    1.71971e-05
 2.80    1.99527e-05
 2.90    2.28935e-05
 3.00    2.60190e-05
 3.10    2.93288e-05
 3.20    3.28223e-05
 3.30    3.64992e-05
 3.40    4.03590e-05
 3.50    4.44012e-05
 3.60    4.86253e-05
 3.70    5.30308e-05
 3.80    5.76174e-05
 3.90    6.23845e-05
 4.00    6.73316e-05
 4.10    7.24584e-05
 4.20    7.77644e-05
 4.30    8.32490e-05
 4.40    8.89119e-05
 4.50    9.47527e-05
 4.60    1.00771e-04
 4.70    1.06966e-04
 4.80    1.13337e-04
 4.90    1.19885e-04
 5.00    1.26608e-04
 5.10    1.33506e-04
 5.20    1.40579e-04
 5.30    1.47827e-04
 5.40    1.55248e-04
 5.50    1.62843e-04
 5.60    1.70610e-04
 5.70    1.78550e-04
 5.80    1.86663e-04
 5.90    1.94947e-04
 6.00    2.03402e-04
 6.10    2.12029e-04
 6.20    2.20825e-04
 6.30    2.29792e-04
 6.40    2.38928e-04
 6.50    2.48234e-04
 6.60    2.57708e-04
 6.70    2.67351e-04
 6.80    2.77162e-04
 6.90    2.87140e-04
 7.00    2.97286e-04
 7.10    3.07598e-04
 7.20    3.18076e-04
 7.30    3.28721e-04
 7.40    3.39531e-04
 7.50    3.50506e-04
 7.60    3.61645e-04
 7.70    3.72949e-04
 7.80    3.84417e-04
 7.90    3.96048e-04
 8.00    4.07843e-04
 8.10    4.19800e-04
 8.20    4.31919e-04
 8.30    4.44200e-04
 8.40    4.56643e-04
 8.50    4.69247e-04
 8.60    4.82011e-04
 8.70    4.94936e-04
 8.80    5.08020e-04
 8.90    5.21264e-04
 9.00    5.34667e-04
 9.10    5.48229e-04
 9.20    5.61949e-04
 9.30    5.75828e-04
 9.40    5.89863e-04
 9.50    6.04056e-04
 9.60    6.18405e-04
 9.70    6.32911e-04
 9.80    6.47573e-04
 9.90    6.62391e-04
10.00    6.77363e-04
10.10    6.92491e-04
10.20    7.07772e-04
10.30    7.23208e-04
10.40    7.38798e-04
10.50    7.54541e-04
10.60    7.70436e-04
10.70    7.86485e-04
10.80    8.02685e-04
10.90    8.19037e-04
11.00    8.35541e-04
11.10    8.52195e-04
11.20    8.69000e-04
11.30    8.85956e-04
11.40    9.03061e-04
11.50    9.20315e-04
11.60    9.37719e-04
11.70    9.55272e-04
11.80    9.72973e-04
11.90    9.90821e-04
12.00    1.00882e-03
12.10    1.02696e-03
12.20    1.04525e-03
12.30    1.06369e-03
12.40    1.08227e-03
12.50    1.10100e-03
12.60    1.11988e-03
12.70    1.13890e-03
12.80    1.15806e-03
12.90    1.17737e-03
13.00    1.19682e-03
13.10    1.21642e-03
13.20    1.23615e-03
13.30    1.25604e-03
13.40    1.27606e-03
13.50    1.29623e-03
13.60    1.31654e-03
13.70    1.33699e-03
13.80    1.35758e-03
13.90    1.37831e-03
14.00    1.39918e-03
14.10    1.42019e-03
14.20    1.44134e-03
14.30    1.46263e-03
14.40    1.48406e-03
14.50    1.50563e-03
14.60    1.52733e-03
14.70    1.54918e-03
14.80    1.57116e-03
14.90    1.59328e-03
15.00    1.61553e-03
15.10    1.63792e-03
15.20    1.66045e-03
15.30    1.68311e-03
15.40    1.70591e-03
15.50    1.72885e-03
15.60    1.75192e-03
15.70    1.77512e-03
15.80    1.79845e-03
15.90    1.82192e-03
16.00    1.84553e-03
16.10    1.86926e-03
16.20    1.89313e-03
16.30    1.91713e-03
16.40    1.94127e-03
16.50    1.96553e-03
16.60    1.98993e-03
16.70    2.01445e-03
16.80    2.03911e-03
16.90    2.06390e-03
17.00    2.08882e-03
17.10    2.11386e-03
17.20    2.13904e-03
17.30    2.16434e-03
17.40    2.18978e-03
17.50    2.21534e-03
17.60    2.24103e-03
17.70    2.26684e-03
17.80    2.29279e-03
17.90    2.31886e-03
18.00    2.34505e-03
18.10    2.37138e-03
18.20    2.39783e-03
18.30    2.42440e-03
18.40    2.45110e-03
18.50    2.47792e-03
18.60    2.50487e-03
18.70    2.53195e-03
18.80    2.55914e-03
18.90    2.58646e-03
19.00    2.61391e-03
19.10    2.64147e-03
19.20    2.66916e-03
19.30    2.69697e-03
19.40    2.72491e-03
19.50    2.75296e-03
19.60    2.78114e-03
19.70    2.80943e-03
19.80    2.83785e-03
19.90    2.86639e-03
20.00    2.89505e-03
