 -0.9950   1.7013e-06
 -0.9850   1.7001e-06
 -0.9750   1.6989e-06
 -0.9650   1.6976e-06
 -0.9550   1.6964e-06
 -0.9450   1.6952e-06
 -0.9350   1.6939e-06
 -0.9250   1.6927e-06
 -0.9150   1.6915e-06
 -0.9050   1.6902e-06
 -0.8950   1.6890e-06
 -0.8850   1.6877e-06
 -0.8750   1.6865e-06
 -0.8650   1.6852e-06
 -0.8550   1.6840e-06
 -0.8450   1.6827e-06
 -0.8350   1.6815e-06
 -0.8250   1.6802e-06
 -0.8150   1.6790e-06
 -0.8050   1.6777e-06
 -0.7950   1.6764e-06
 -0.7850   1.6752e-06
 -0.7750   1.6739e-06
 -0.7650   1.6726e-06
 -0.7550   1.6713e-06
 -0.7450   1.6701e-06
 -0.7350   1.6688e-06
 -0.7250   1.6675e-06
 -0.7150   1.6662e-06
 -0.7050   1.6649e-06
 -0.6950   1.6636e-06
 -0.6850   1.6623e-06
 -0.6750   1.6610e-06
 -0.6650   1.6597e-06
 -0.6550   1.6584e-06
 -0.6450   1.6571e-06
 -0.6350   1.6558e-06
 -0.6250   1.6545e-06
 -0.6150   1.6532e-06
 -0.6050   1.6518e-06
 -0.5950   1.6505e-06
 -0.5850   1.6492e-06
 -0.5750   1.6479e-06
 -0.5650   1.6465e-06
 -0.5550   1.6452e-06
 -0.5450   1.6439e-06
 -0.5350   1.6425e-06
 -0.5250   1.6412e-06
 -0.5150   1.6398e-06
 -0.5050   1.6384e-06
 -0.4950   1.6371e-06
 -0.4850   1.6357e-06
 -0.4750   1.6344e-06
 -0.4650   1.6330e-06
 -0.4550   1.6316e-06
 -0.4450   1.6302e-06
 -0.4350   1.6288e-06
 -0.4250   1.6274e-06
 -0.4150   1.6261e-06
 -0.4050   1.6247e-06
 -0.3950   1.6233e-06
 -0.3850   1.6218e-06
 -0.3750   1.6204e-06
 -0.3650   1.6190e-06
 -0.3550   1.6176e-06
 -0.3450   1.6162e-06
 -0.3350   1.6147e-06
 -0.3250   1.6133e-06
 -0.3150   1.6118e-06
 -0.3050   1.6104e-06
 -0.2950   1.6089e-06
 -0.2850   1.6075e-06
 -0.2750   1.6060e-06
 -0.2650   1.6046e-06
 -0.2550   1.6031e-06
 -0.2450   1.6016e-06
 -0.2350   1.6001e-06
 -0.2250   1.5986e-06
 -0.2150   1.5971e-06
 -0.2050   1.5956e-06
 -0.1950   1.5941e-06
 -0.1850   1.5926e-06
 -0.1750   1.5910e-06
 -0.1650   1.5895e-06
 -0.1550   1.5880e-06
 -0.1450   1.5864e-06
 -0.1350   1.5849e-06
 -0.1250   1.5833e-06
 -0.1150   1.5817e-06
 -0.1050   1.5801e-06
 -0.0950   1.5786e-06
 -0.0850   1.5770e-06
 -0.0750   1.5754e-06
 -0.0650   1.5737e-06
 -0.0550   1.5721e-06
 -0.0450   1.5705e-06
 -0.0350   1.5689e-06
 -0.0250   1.5672e-06
 -0.0150   1.5656e-06
 -0.0050   1.5639e-06
  0.0050   1.5622e-06
  0.0150   1.5605e-06
  0.0250   1.5588e-06
  0.0350   1.5571e-06
  0.0450   1.5554e-06
  0.0550   1.5537e-06
  0.0650   1.5519e-06
  0.0750   1.5502e-06
  0.0850   1.5484e-06
  0.0950   1.5466e-06
  0.1050   1.5449e-06
  0.1150   1.5431e-06
  0.1250   1.5412e-06
  0.1350   1.5394e-06
  0.1450   1.5376e-06
  0.1550   1.5357e-06
  0.1650   1.5339e-06
  0.1750   1.5320e-06
  0.1850   1.5301e-06
  0.1950   1.5282e-06
  0.2050   1.5262e-06
  0.2150   1.5243e-06
  0.2250   1.5223e-06
  0.2350   1.5203e-06
  0.2450   1.5183e-06
  0.2550   1.5163e-06
  0.2650   1.5143e-06
  0.2750   1.5122e-06
  0.2850   1.5102e-06
  0.2950   1.5081e-06
  0.3050   1.5060e-06
  0.3150   1.5038e-06
  0.3250   1.5017e-06
  0.3350   1.4995e-06
  0.3450   1.4973e-06
  0.3550   1.4951e-06
  0.3650   1.4928e-06
  0.3750   1.4906e-06
  0.3850   1.4883e-06
  0.3950   1.4859e-06
  0.4050   1.4836e-06
  0.4150   1.4812e-06
  0.4250   1.4788e-06
  0.4350   1.4763e-06
  0.4450   1.4739e-06
  0.4550   1.4713e-06
  0.4650   1.4688e-06
  0.4750   1.4662e-06
  0.4850   1.4636e-06
  0.4950   1.4610e-06
  0.5050   1.4583e-06
  0.5150   1.4555e-06
  0.5250   1.4528e-06
  0.5350   1.4499e-06
  0.5450   1.4471e-06
  0.5550   1.4442e-06
  0.5650   1.4412e-06
  0.5750   1.4382e-06
  0.5850   1.4352e-06
  0.5950   1.4321e-06
  0.6050   1.4289e-06
  0.6150   1.4257e-06
  0.6250   1.4224e-06
  0.6350   1.4190e-06
  0.6450   1.4156e-06
  0.6550   1.4121e-06
  0.6650   1.4086e-06
  0.6750   1.4049e-06
  0.6850   1.4012e-06
  0.6950   1.3974e-06
  0.7050   1.3935e-06
  0.7150   1.3896e-06
  0.7250   1.3855e-06
  0.7350   1.3813e-06
  0.7450   1.3771e-06
  0.7550   1.3727e-06
  0.7650   1.3682e-06
  0.7750   1.3636e-06
  0.7850   1.3588e-06
  0.7950   1.3539e-06
  0.8050   1.3489e-06
  0.8150   1.3437e-06
  0.8250   1.3384e-06
  0.8350   1.3329e-06
  0.8450   1.3272e-06
  0.8550   1.3214e-06
  0.8650   1.3153e-06
  0.8750   1.3090e-06
  0.8850   1.3025e-06
  0.8950   1.2958e-06
  0.9050   1.2887e-06
  0.9150   1.2815e-06
  0.9250   1.2739e-06
  0.9350   1.2660e-06
  0.9450   1.2577e-06
  0.9550   1.2491e-06
  0.9650   1.2401e-06
  0.9750   1.2307e-06
  0.9850   1.2208e-06
  0.9950   1.2104e-06
