   1.80 0.00000e+000
   1.81 3.16879e-007
   1.82 6.10714e-007
   1.83 8.19308e-007
   1.84 9.98236e-007
   1.85 1.16181e-006
   1.86 1.31622e-006
   1.87 1.46479e-006
   1.88 1.60953e-006
   1.89 1.75175e-006
   1.90 1.89237e-006
   1.91 2.03202e-006
   1.92 2.17122e-006
   1.93 2.31032e-006
   1.94 2.44964e-006
   1.95 2.58940e-006
   1.96 2.72979e-006
   1.97 2.87097e-006
   1.98 3.01308e-006
   1.99 3.15622e-006
   2.00 3.30048e-006
   2.01 3.44594e-006
   2.02 3.59268e-006
   2.03 3.74074e-006
   2.04 3.89019e-006
   2.05 4.04106e-006
   2.06 4.19340e-006
   2.07 4.34724e-006
   2.08 4.50262e-006
   2.09 4.65955e-006
   2.10 4.81806e-006
   2.11 4.97819e-006
   2.12 5.13993e-006
   2.13 5.30332e-006
   2.14 5.46838e-006
   2.15 5.63510e-006
   2.16 5.80352e-006
   2.17 5.97363e-006
   2.18 6.14545e-006
   2.19 6.31900e-006
   2.20 6.49428e-006
   2.21 6.67129e-006
   2.22 6.85005e-006
   2.23 7.03056e-006
   2.24 7.21284e-006
   2.25 7.39688e-006
   2.26 7.58269e-006
   2.27 7.77028e-006
   2.28 7.95965e-006
   2.29 8.15081e-006
   2.30 8.34375e-006
   2.31 8.53849e-006
   2.32 8.73503e-006
   2.33 8.93337e-006
   2.34 9.13351e-006
   2.35 9.33546e-006
   2.36 9.53921e-006
   2.37 9.74478e-006
   2.38 9.95216e-006
   2.39 1.01614e-005
   2.40 1.03724e-005
   2.41 1.05852e-005
   2.42 1.07999e-005
   2.43 1.10163e-005
   2.44 1.12346e-005
   2.45 1.14548e-005
   2.46 1.16767e-005
   2.47 1.19005e-005
   2.48 1.21261e-005
   2.49 1.23535e-005
   2.50 1.25828e-005
   2.51 1.28139e-005
   2.52 1.30468e-005
   2.53 1.32816e-005
   2.54 1.35182e-005
   2.55 1.37566e-005
   2.56 1.39969e-005
   2.57 1.42390e-005
   2.58 1.44829e-005
   2.59 1.47287e-005
   2.60 1.49763e-005
   2.61 1.52258e-005
   2.62 1.54770e-005
   2.63 1.57302e-005
   2.64 1.59851e-005
   2.65 1.62419e-005
   2.66 1.65006e-005
   2.67 1.67610e-005
   2.68 1.70233e-005
   2.69 1.72875e-005
   2.70 1.75535e-005
   2.71 1.78213e-005
   2.72 1.80910e-005
   2.73 1.83625e-005
   2.74 1.86358e-005
   2.75 1.89110e-005
   2.76 1.91880e-005
   2.77 1.94669e-005
   2.78 1.97476e-005
   2.79 2.00301e-005
   2.80 2.03145e-005
   2.81 2.06007e-005
   2.82 2.08888e-005
   2.83 2.11786e-005
   2.84 2.14704e-005
   2.85 2.17639e-005
   2.86 2.20593e-005
   2.87 2.23566e-005
   2.88 2.26556e-005
   2.89 2.29566e-005
   2.90 2.32593e-005
   2.91 2.35639e-005
   2.92 2.38703e-005
   2.93 2.41786e-005
   2.94 2.44887e-005
   2.95 2.48006e-005
   2.96 2.51143e-005
   2.97 2.54299e-005
   2.98 2.57474e-005
   2.99 2.60666e-005
   3.00 2.63877e-005
   3.01 2.67107e-005
   3.02 2.70354e-005
   3.03 2.73621e-005
   3.04 2.76905e-005
   3.05 2.80208e-005
   3.06 2.83529e-005
   3.07 2.86868e-005
   3.08 2.90225e-005
   3.09 2.93601e-005
   3.10 2.96996e-005
   3.11 3.00408e-005
   3.12 3.03839e-005
   3.13 3.07288e-005
   3.14 3.10756e-005
   3.15 3.14242e-005
   3.16 3.17746e-005
   3.17 3.21268e-005
   3.18 3.24809e-005
   3.19 3.28367e-005
   3.20 3.31945e-005
   3.21 3.35540e-005
   3.22 3.39154e-005
   3.23 3.42786e-005
   3.24 3.46436e-005
   3.25 3.50105e-005
   3.26 3.53791e-005
   3.27 3.57496e-005
   3.28 3.61220e-005
   3.29 3.64961e-005
   3.30 3.68721e-005
   3.31 3.72499e-005
   3.32 3.76295e-005
   3.33 3.80110e-005
   3.34 3.83942e-005
   3.35 3.87793e-005
   3.36 3.91662e-005
   3.37 3.95549e-005
   3.38 3.99455e-005
   3.39 4.03379e-005
   3.40 4.07321e-005
   3.41 4.11281e-005
   3.42 4.15259e-005
   3.43 4.19256e-005
   3.44 4.23270e-005
   3.45 4.27303e-005
   3.46 4.31354e-005
   3.47 4.35423e-005
   3.48 4.39511e-005
   3.49 4.43616e-005
   3.50 4.47740e-005
   3.51 4.51882e-005
   3.52 4.56042e-005
   3.53 4.60220e-005
   3.54 4.64416e-005
   3.55 4.68631e-005
   3.56 4.72863e-005
   3.57 4.77114e-005
   3.58 4.81383e-005
   3.59 4.85670e-005
   3.60 4.89975e-005
   3.61 4.94298e-005
   3.62 4.98640e-005
   3.63 5.02999e-005
   3.64 5.07377e-005
   3.65 5.11772e-005
   3.66 5.16186e-005
   3.67 5.20618e-005
   3.68 5.25068e-005
   3.69 5.29536e-005
   3.70 5.34022e-005
   3.71 5.38526e-005
   3.72 5.43048e-005
   3.73 5.47588e-005
   3.74 5.52146e-005
   3.75 5.56723e-005
   3.76 5.61317e-005
   3.77 5.65930e-005
   3.78 5.70560e-005
   3.79 5.75209e-005
   3.80 5.79875e-005
   3.81 5.84560e-005
   3.82 5.89263e-005
   3.83 5.93983e-005
   3.84 5.98722e-005
   3.85 6.03479e-005
   3.86 6.08253e-005
   3.87 6.13046e-005
   3.88 6.17857e-005
   3.89 6.22686e-005
   3.90 6.27532e-005
   3.91 6.32397e-005
   3.92 6.37280e-005
   3.93 6.42180e-005
   3.94 6.47099e-005
   3.95 6.52036e-005
   3.96 6.56990e-005
   3.97 6.61963e-005
   3.98 6.66953e-005
   3.99 6.71962e-005
   4.00 6.76988e-005
   4.01 6.82032e-005
   4.02 6.87095e-005
   4.03 6.92175e-005
   4.04 6.97273e-005
   4.05 7.02389e-005
   4.06 7.07523e-005
   4.07 7.12675e-005
   4.08 7.17845e-005
   4.09 7.23033e-005
   4.10 7.28239e-005
   4.11 7.33462e-005
   4.12 7.38704e-005
   4.13 7.43963e-005
   4.14 7.49240e-005
   4.15 7.54535e-005
   4.16 7.59848e-005
   4.17 7.65179e-005
   4.18 7.70528e-005
   4.19 7.75895e-005
   4.20 7.81279e-005
   4.21 7.86682e-005
   4.22 7.92102e-005
   4.23 7.97540e-005
   4.24 8.02996e-005
   4.25 8.08470e-005
   4.26 8.13961e-005
   4.27 8.19471e-005
   4.28 8.24998e-005
   4.29 8.30543e-005
   4.30 8.36106e-005
   4.31 8.41687e-005
   4.32 8.47285e-005
   4.33 8.52902e-005
   4.34 8.58536e-005
   4.35 8.64188e-005
   4.36 8.69857e-005
   4.37 8.75545e-005
   4.38 8.81250e-005
   4.39 8.86973e-005
   4.40 8.92714e-005
   4.41 8.98473e-005
   4.42 9.04249e-005
   4.43 9.10044e-005
   4.44 9.15856e-005
   4.45 9.21685e-005
   4.46 9.27533e-005
   4.47 9.33398e-005
   4.48 9.39281e-005
   4.49 9.45182e-005
   4.50 9.51100e-005
   4.51 9.57036e-005
   4.52 9.62990e-005
   4.53 9.68962e-005
   4.54 9.74951e-005
   4.55 9.80958e-005
   4.56 9.86983e-005
   4.57 9.93025e-005
   4.58 9.99086e-005
   4.59 1.00516e-004
   4.60 1.01126e-004
   4.61 1.01737e-004
   4.62 1.02350e-004
   4.63 1.02965e-004
   4.64 1.03582e-004
   4.65 1.04200e-004
   4.66 1.04820e-004
   4.67 1.05442e-004
   4.68 1.06066e-004
   4.69 1.06691e-004
   4.70 1.07319e-004
   4.71 1.07948e-004
   4.72 1.08578e-004
   4.73 1.09211e-004
   4.74 1.09845e-004
   4.75 1.10481e-004
   4.76 1.11119e-004
   4.77 1.11759e-004
   4.78 1.12400e-004
   4.79 1.13043e-004
   4.80 1.13688e-004
   4.81 1.14335e-004
   4.82 1.14983e-004
   4.83 1.15633e-004
   4.84 1.16285e-004
   4.85 1.16939e-004
   4.86 1.17594e-004
   4.87 1.18251e-004
   4.88 1.18910e-004
   4.89 1.19571e-004
   4.90 1.20233e-004
   4.91 1.20897e-004
   4.92 1.21563e-004
   4.93 1.22231e-004
   4.94 1.22900e-004
   4.95 1.23572e-004
   4.96 1.24245e-004
   4.97 1.24919e-004
   4.98 1.25596e-004
   4.99 1.26274e-004
   5.00 1.26954e-004
   5.01 1.27636e-004
   5.02 1.28319e-004
   5.03 1.29004e-004
   5.04 1.29691e-004
   5.05 1.30380e-004
   5.06 1.31071e-004
   5.07 1.31763e-004
   5.08 1.32457e-004
   5.09 1.33153e-004
   5.10 1.33850e-004
   5.11 1.34549e-004
   5.12 1.35250e-004
   5.13 1.35953e-004
   5.14 1.36657e-004
   5.15 1.37364e-004
   5.16 1.38072e-004
   5.17 1.38781e-004
   5.18 1.39493e-004
   5.19 1.40206e-004
   5.20 1.40921e-004
   5.21 1.41637e-004
   5.22 1.42356e-004
   5.23 1.43076e-004
   5.24 1.43798e-004
   5.25 1.44522e-004
   5.26 1.45247e-004
   5.27 1.45974e-004
   5.28 1.46703e-004
   5.29 1.47434e-004
   5.30 1.48166e-004
   5.31 1.48900e-004
   5.32 1.49636e-004
   5.33 1.50373e-004
   5.34 1.51113e-004
   5.35 1.51854e-004
   5.36 1.52596e-004
   5.37 1.53341e-004
   5.38 1.54087e-004
   5.39 1.54835e-004
   5.40 1.55585e-004
   5.41 1.56336e-004
   5.42 1.57089e-004
   5.43 1.57844e-004
   5.44 1.58601e-004
   5.45 1.59359e-004
   5.46 1.60120e-004
   5.47 1.60881e-004
   5.48 1.61645e-004
   5.49 1.62410e-004
   5.50 1.63177e-004
   5.51 1.63946e-004
   5.52 1.64717e-004
   5.53 1.65489e-004
   5.54 1.66263e-004
   5.55 1.67038e-004
   5.56 1.67816e-004
   5.57 1.68595e-004
   5.58 1.69376e-004
   5.59 1.70158e-004
   5.60 1.70943e-004
   5.61 1.71729e-004
   5.62 1.72517e-004
   5.63 1.73306e-004
   5.64 1.74097e-004
   5.65 1.74890e-004
   5.66 1.75685e-004
   5.67 1.76481e-004
   5.68 1.77279e-004
   5.69 1.78079e-004
   5.70 1.78881e-004
   5.71 1.79684e-004
   5.72 1.80489e-004
   5.73 1.81296e-004
   5.74 1.82104e-004
   5.75 1.82915e-004
   5.76 1.83726e-004
   5.77 1.84540e-004
   5.78 1.85355e-004
   5.79 1.86172e-004
   5.80 1.86991e-004
   5.81 1.87812e-004
   5.82 1.88634e-004
   5.83 1.89458e-004
   5.84 1.90283e-004
   5.85 1.91111e-004
   5.86 1.91940e-004
   5.87 1.92771e-004
   5.88 1.93603e-004
   5.89 1.94437e-004
   5.90 1.95273e-004
   5.91 1.96111e-004
   5.92 1.96950e-004
   5.93 1.97791e-004
   5.94 1.98634e-004
   5.95 1.99479e-004
   5.96 2.00325e-004
   5.97 2.01173e-004
   5.98 2.02022e-004
   5.99 2.02874e-004
   6.00 2.03727e-004
   6.01 2.04581e-004
   6.02 2.05438e-004
   6.03 2.06296e-004
   6.04 2.07156e-004
   6.05 2.08018e-004
   6.06 2.08881e-004
   6.07 2.09746e-004
   6.08 2.10613e-004
   6.09 2.11481e-004
   6.10 2.12351e-004
   6.11 2.13223e-004
   6.12 2.14096e-004
   6.13 2.14972e-004
   6.14 2.15849e-004
   6.15 2.16727e-004
   6.16 2.17608e-004
   6.17 2.18490e-004
   6.18 2.19373e-004
   6.19 2.20259e-004
   6.20 2.21146e-004
   6.21 2.22035e-004
   6.22 2.22925e-004
   6.23 2.23818e-004
   6.24 2.24712e-004
   6.25 2.25607e-004
   6.26 2.26505e-004
   6.27 2.27404e-004
   6.28 2.28304e-004
   6.29 2.29207e-004
   6.30 2.30111e-004
   6.31 2.31017e-004
   6.32 2.31924e-004
   6.33 2.32834e-004
   6.34 2.33745e-004
   6.35 2.34657e-004
   6.36 2.35571e-004
   6.37 2.36487e-004
   6.38 2.37405e-004
   6.39 2.38325e-004
   6.40 2.39246e-004
   6.41 2.40168e-004
   6.42 2.41093e-004
   6.43 2.42019e-004
   6.44 2.42947e-004
   6.45 2.43877e-004
   6.46 2.44808e-004
   6.47 2.45741e-004
   6.48 2.46675e-004
   6.49 2.47612e-004
   6.50 2.48550e-004
   6.51 2.49489e-004
   6.52 2.50431e-004
   6.53 2.51374e-004
   6.54 2.52319e-004
   6.55 2.53265e-004
   6.56 2.54213e-004
   6.57 2.55163e-004
   6.58 2.56114e-004
   6.59 2.57068e-004
   6.60 2.58022e-004
   6.61 2.58979e-004
   6.62 2.59937e-004
   6.63 2.60897e-004
   6.64 2.61859e-004
   6.65 2.62822e-004
   6.66 2.63787e-004
   6.67 2.64754e-004
   6.68 2.65722e-004
   6.69 2.66692e-004
   6.70 2.67664e-004
   6.71 2.68637e-004
   6.72 2.69612e-004
   6.73 2.70589e-004
   6.74 2.71567e-004
   6.75 2.72547e-004
   6.76 2.73529e-004
   6.77 2.74513e-004
   6.78 2.75498e-004
   6.79 2.76485e-004
   6.80 2.77473e-004
   6.81 2.78463e-004
   6.82 2.79455e-004
   6.83 2.80449e-004
   6.84 2.81444e-004
   6.85 2.82441e-004
   6.86 2.83439e-004
   6.87 2.84439e-004
   6.88 2.85441e-004
   6.89 2.86445e-004
   6.90 2.87450e-004
   6.91 2.88457e-004
   6.92 2.89465e-004
   6.93 2.90476e-004
   6.94 2.91488e-004
   6.95 2.92501e-004
   6.96 2.93516e-004
   6.97 2.94533e-004
   6.98 2.95552e-004
   6.99 2.96572e-004
   7.00 2.97594e-004
   7.01 2.98618e-004
   7.02 2.99643e-004
   7.03 3.00670e-004
   7.04 3.01698e-004
   7.05 3.02729e-004
   7.06 3.03761e-004
   7.07 3.04794e-004
   7.08 3.05830e-004
   7.09 3.06866e-004
   7.10 3.07905e-004
   7.11 3.08945e-004
   7.12 3.09987e-004
   7.13 3.11031e-004
   7.14 3.12076e-004
   7.15 3.13123e-004
   7.16 3.14172e-004
   7.17 3.15222e-004
   7.18 3.16274e-004
   7.19 3.17327e-004
   7.20 3.18382e-004
   7.21 3.19439e-004
   7.22 3.20498e-004
   7.23 3.21558e-004
   7.24 3.22620e-004
   7.25 3.23683e-004
   7.26 3.24748e-004
   7.27 3.25815e-004
   7.28 3.26884e-004
   7.29 3.27954e-004
   7.30 3.29026e-004
   7.31 3.30099e-004
   7.32 3.31174e-004
   7.33 3.32251e-004
   7.34 3.33329e-004
   7.35 3.34409e-004
   7.36 3.35491e-004
   7.37 3.36575e-004
   7.38 3.37660e-004
   7.39 3.38746e-004
   7.40 3.39835e-004
   7.41 3.40925e-004
   7.42 3.42016e-004
   7.43 3.43109e-004
   7.44 3.44204e-004
   7.45 3.45301e-004
   7.46 3.46399e-004
   7.47 3.47499e-004
   7.48 3.48601e-004
   7.49 3.49704e-004
   7.50 3.50809e-004
   7.51 3.51915e-004
   7.52 3.53023e-004
   7.53 3.54133e-004
   7.54 3.55244e-004
   7.55 3.56357e-004
   7.56 3.57472e-004
   7.57 3.58588e-004
   7.58 3.59706e-004
   7.59 3.60826e-004
   7.60 3.61947e-004
   7.61 3.63070e-004
   7.62 3.64195e-004
   7.63 3.65321e-004
   7.64 3.66449e-004
   7.65 3.67578e-004
   7.66 3.68710e-004
   7.67 3.69842e-004
   7.68 3.70977e-004
   7.69 3.72113e-004
   7.70 3.73251e-004
   7.71 3.74390e-004
   7.72 3.75531e-004
   7.73 3.76674e-004
   7.74 3.77818e-004
   7.75 3.78964e-004
   7.76 3.80111e-004
   7.77 3.81260e-004
   7.78 3.82411e-004
   7.79 3.83564e-004
   7.80 3.84718e-004
   7.81 3.85873e-004
   7.82 3.87031e-004
   7.83 3.88190e-004
   7.84 3.89350e-004
   7.85 3.90513e-004
   7.86 3.91676e-004
   7.87 3.92842e-004
   7.88 3.94009e-004
   7.89 3.95178e-004
   7.90 3.96348e-004
   7.91 3.97520e-004
   7.92 3.98694e-004
   7.93 3.99869e-004
   7.94 4.01046e-004
   7.95 4.02225e-004
   7.96 4.03405e-004
   7.97 4.04587e-004
   7.98 4.05770e-004
   7.99 4.06955e-004
   8.00 4.08142e-004
   8.01 4.09330e-004
   8.02 4.10520e-004
   8.03 4.11712e-004
   8.04 4.12905e-004
   8.05 4.14100e-004
   8.06 4.15297e-004
   8.07 4.16495e-004
   8.08 4.17694e-004
   8.09 4.18896e-004
   8.10 4.20099e-004
   8.11 4.21303e-004
   8.12 4.22509e-004
   8.13 4.23717e-004
   8.14 4.24927e-004
   8.15 4.26138e-004
   8.16 4.27351e-004
   8.17 4.28565e-004
   8.18 4.29781e-004
   8.19 4.30998e-004
   8.20 4.32218e-004
   8.21 4.33438e-004
   8.22 4.34661e-004
   8.23 4.35885e-004
   8.24 4.37110e-004
   8.25 4.38338e-004
   8.26 4.39567e-004
   8.27 4.40797e-004
   8.28 4.42029e-004
   8.29 4.43263e-004
   8.30 4.44498e-004
   8.31 4.45735e-004
   8.32 4.46974e-004
   8.33 4.48214e-004
   8.34 4.49456e-004
   8.35 4.50699e-004
   8.36 4.51944e-004
   8.37 4.53191e-004
   8.38 4.54439e-004
   8.39 4.55689e-004
   8.40 4.56941e-004
   8.41 4.58194e-004
   8.42 4.59449e-004
   8.43 4.60705e-004
   8.44 4.61963e-004
   8.45 4.63222e-004
   8.46 4.64484e-004
   8.47 4.65746e-004
   8.48 4.67011e-004
   8.49 4.68277e-004
   8.50 4.69544e-004
   8.51 4.70813e-004
   8.52 4.72084e-004
   8.53 4.73357e-004
   8.54 4.74631e-004
   8.55 4.75906e-004
   8.56 4.77184e-004
   8.57 4.78462e-004
   8.58 4.79743e-004
   8.59 4.81025e-004
   8.60 4.82309e-004
   8.61 4.83594e-004
   8.62 4.84881e-004
   8.63 4.86169e-004
   8.64 4.87459e-004
   8.65 4.88751e-004
   8.66 4.90044e-004
   8.67 4.91339e-004
   8.68 4.92635e-004
   8.69 4.93933e-004
   8.70 4.95233e-004
   8.71 4.96534e-004
   8.72 4.97837e-004
   8.73 4.99142e-004
   8.74 5.00448e-004
   8.75 5.01755e-004
   8.76 5.03065e-004
   8.77 5.04376e-004
   8.78 5.05688e-004
   8.79 5.07002e-004
   8.80 5.08318e-004
   8.81 5.09635e-004
   8.82 5.10954e-004
   8.83 5.12274e-004
   8.84 5.13596e-004
   8.85 5.14920e-004
   8.86 5.16245e-004
   8.87 5.17572e-004
   8.88 5.18900e-004
   8.89 5.20230e-004
   8.90 5.21562e-004
   8.91 5.22895e-004
   8.92 5.24230e-004
   8.93 5.25566e-004
   8.94 5.26904e-004
   8.95 5.28244e-004
   8.96 5.29585e-004
   8.97 5.30927e-004
   8.98 5.32272e-004
   8.99 5.33618e-004
   9.00 5.34965e-004
   9.01 5.36314e-004
   9.02 5.37665e-004
   9.03 5.39017e-004
   9.04 5.40371e-004
   9.05 5.41726e-004
   9.06 5.43083e-004
   9.07 5.44442e-004
   9.08 5.45802e-004
   9.09 5.47164e-004
   9.10 5.48527e-004
   9.11 5.49892e-004
   9.12 5.51258e-004
   9.13 5.52627e-004
   9.14 5.53996e-004
   9.15 5.55367e-004
   9.16 5.56740e-004
   9.17 5.58115e-004
   9.18 5.59491e-004
   9.19 5.60868e-004
   9.20 5.62247e-004
   9.21 5.63628e-004
   9.22 5.65011e-004
   9.23 5.66394e-004
   9.24 5.67780e-004
   9.25 5.69167e-004
   9.26 5.70556e-004
   9.27 5.71946e-004
   9.28 5.73338e-004
   9.29 5.74731e-004
   9.30 5.76126e-004
   9.31 5.77522e-004
   9.32 5.78920e-004
   9.33 5.80320e-004
   9.34 5.81721e-004
   9.35 5.83124e-004
   9.36 5.84529e-004
   9.37 5.85935e-004
   9.38 5.87342e-004
   9.39 5.88751e-004
   9.40 5.90162e-004
   9.41 5.91574e-004
   9.42 5.92988e-004
   9.43 5.94403e-004
   9.44 5.95820e-004
   9.45 5.97239e-004
   9.46 5.98659e-004
   9.47 6.00081e-004
   9.48 6.01504e-004
   9.49 6.02929e-004
   9.50 6.04355e-004
   9.51 6.05783e-004
   9.52 6.07212e-004
   9.53 6.08644e-004
   9.54 6.10076e-004
   9.55 6.11510e-004
   9.56 6.12946e-004
   9.57 6.14384e-004
   9.58 6.15822e-004
   9.59 6.17263e-004
   9.60 6.18705e-004
   9.61 6.20149e-004
   9.62 6.21594e-004
   9.63 6.23040e-004
   9.64 6.24489e-004
   9.65 6.25939e-004
   9.66 6.27390e-004
   9.67 6.28843e-004
   9.68 6.30298e-004
   9.69 6.31754e-004
   9.70 6.33211e-004
   9.71 6.34671e-004
   9.72 6.36131e-004
   9.73 6.37594e-004
   9.74 6.39058e-004
   9.75 6.40523e-004
   9.76 6.41990e-004
   9.77 6.43459e-004
   9.78 6.44929e-004
   9.79 6.46400e-004
   9.80 6.47874e-004
   9.81 6.49349e-004
   9.82 6.50825e-004
   9.83 6.52303e-004
   9.84 6.53782e-004
   9.85 6.55263e-004
   9.86 6.56746e-004
   9.87 6.58230e-004
   9.88 6.59716e-004
   9.89 6.61203e-004
   9.90 6.62692e-004
   9.91 6.64182e-004
   9.92 6.65674e-004
   9.93 6.67168e-004
   9.94 6.68663e-004
   9.95 6.70159e-004
   9.96 6.71657e-004
   9.97 6.73157e-004
   9.98 6.74658e-004
   9.99 6.76161e-004
  10.00 6.77665e-004
  11.00 8.35852e-004
  12.00 1.00914e-003
  13.00 1.19717e-003
  14.00 1.39955e-003
  15.00 1.61593e-003
  16.00 1.84595e-003
  17.00 2.08927e-003
  18.00 2.34555e-003
  19.00 2.61444e-003
  20.00 2.89562e-003
  21.00 3.18877e-003
  22.00 3.49356e-003
  23.00 3.80969e-003
  24.00 4.13685e-003
  25.00 4.47475e-003
  26.00 4.82308e-003
  27.00 5.18156e-003
  28.00 5.54991e-003
  29.00 5.92784e-003
  30.00 6.31510e-003
  31.00 6.71140e-003
  32.00 7.11650e-003
  33.00 7.53013e-003
  34.00 7.95204e-003
  35.00 8.38198e-003
  36.00 8.81973e-003
  37.00 9.26503e-003
  38.00 9.71766e-003
  39.00 1.01774e-002
  40.00 1.06440e-002
  41.00 1.11173e-002
  42.00 1.15970e-002
  43.00 1.20830e-002
  44.00 1.25750e-002
  45.00 1.30728e-002
  46.00 1.35763e-002
  47.00 1.40853e-002
  48.00 1.45995e-002
  49.00 1.51188e-002
  50.00 1.56430e-002
  51.00 1.61719e-002
  52.00 1.67054e-002
  53.00 1.72432e-002
  54.00 1.77854e-002
  55.00 1.83315e-002
  56.00 1.88816e-002
  57.00 1.94355e-002
  58.00 1.99929e-002
  59.00 2.05539e-002
  60.00 2.11181e-002
  61.00 2.16856e-002
  62.00 2.22560e-002
  63.00 2.28295e-002
  64.00 2.34057e-002
  65.00 2.39845e-002
  66.00 2.45659e-002
  67.00 2.51498e-002
  68.00 2.57359e-002
  69.00 2.63242e-002
  70.00 2.69146e-002
  71.00 2.75070e-002
  72.00 2.81013e-002
  73.00 2.86973e-002
  74.00 2.92950e-002
  75.00 2.98942e-002
  76.00 3.04949e-002
  77.00 3.10970e-002
  78.00 3.17004e-002
  79.00 3.23050e-002
  80.00 3.29107e-002
  81.00 3.35174e-002
  82.00 3.41251e-002
  83.00 3.47337e-002
  84.00 3.53430e-002
  85.00 3.59531e-002
  86.00 3.65638e-002
  87.00 3.71752e-002
  88.00 3.77870e-002
  89.00 3.83993e-002
  90.00 3.90119e-002
  91.00 3.96249e-002
  92.00 4.02381e-002
  93.00 4.08515e-002
  94.00 4.14651e-002
  95.00 4.20788e-002
  96.00 4.26925e-002
  97.00 4.33062e-002
  98.00 4.39198e-002
  99.00 4.45333e-002
 100.00 4.51466e-002
 110.00 5.12615e-002
 120.00 5.73182e-002
 130.00 6.32901e-002
 140.00 6.91597e-002
 150.00 7.49167e-002
 160.00 8.05561e-002
 170.00 8.60771e-002
 180.00 9.14816e-002
 190.00 9.67738e-002
 200.00 1.01959e-001
 210.00 1.07044e-001
 220.00 1.12034e-001
 230.00 1.16938e-001
 240.00 1.21761e-001
 250.00 1.26511e-001
 260.00 1.31193e-001
 270.00 1.35814e-001
 280.00 1.40379e-001
 290.00 1.44893e-001
 300.00 1.49360e-001
 310.00 1.53785e-001
 320.00 1.58171e-001
 330.00 1.62521e-001
 340.00 1.66839e-001
 350.00 1.71127e-001
 360.00 1.75386e-001
 370.00 1.79619e-001
 380.00 1.83826e-001
 390.00 1.88011e-001
 400.00 1.92173e-001
 410.00 1.96313e-001
 420.00 2.00433e-001
 430.00 2.04532e-001
 440.00 2.08611e-001
 450.00 2.12670e-001
 460.00 2.16710e-001
 470.00 2.20730e-001
 480.00 2.24731e-001
 490.00 2.28712e-001
 500.00 2.32673e-001

