   1.80 0.00000e+000
   1.81 2.81361e-007
   1.82 5.44241e-007
   1.83 7.32672e-007
   1.84 8.95647e-007
   1.85 1.04572e-006
   1.86 1.18829e-006
   1.87 1.32627e-006
   1.88 1.46137e-006
   1.89 1.59473e-006
   1.90 1.72714e-006
   1.91 1.85915e-006
   1.92 1.99117e-006
   1.93 2.12353e-006
   1.94 2.25647e-006
   1.95 2.39019e-006
   1.96 2.52484e-006
   1.97 2.66057e-006
   1.98 2.79746e-006
   1.99 2.93562e-006
   2.00 3.07512e-006
   2.01 3.21602e-006
   2.02 3.35837e-006
   2.03 3.50223e-006
   2.04 3.64763e-006
   2.05 3.79461e-006
   2.06 3.94320e-006
   2.07 4.09342e-006
   2.08 4.24530e-006
   2.09 4.39886e-006
   2.10 4.55412e-006
   2.11 4.71110e-006
   2.12 4.86980e-006
   2.13 5.03025e-006
   2.14 5.19245e-006
   2.15 5.35642e-006
   2.16 5.52216e-006
   2.17 5.68968e-006
   2.18 5.85899e-006
   2.19 6.03010e-006
   2.20 6.20301e-006
   2.21 6.37773e-006
   2.22 6.55427e-006
   2.23 6.73262e-006
   2.24 6.91279e-006
   2.25 7.09480e-006
   2.26 7.27863e-006
   2.27 7.46429e-006
   2.28 7.65179e-006
   2.29 7.84113e-006
   2.30 8.03231e-006
   2.31 8.22533e-006
   2.32 8.42020e-006
   2.33 8.61691e-006
   2.34 8.81547e-006
   2.35 9.01588e-006
   2.36 9.21814e-006
   2.37 9.42225e-006
   2.38 9.62822e-006
   2.39 9.83604e-006
   2.40 1.00457e-005
   2.41 1.02572e-005
   2.42 1.04706e-005
   2.43 1.06859e-005
   2.44 1.09030e-005
   2.45 1.11219e-005
   2.46 1.13427e-005
   2.47 1.15654e-005
   2.48 1.17899e-005
   2.49 1.20163e-005
   2.50 1.22446e-005
   2.51 1.24747e-005
   2.52 1.27066e-005
   2.53 1.29404e-005
   2.54 1.31761e-005
   2.55 1.34137e-005
   2.56 1.36531e-005
   2.57 1.38943e-005
   2.58 1.41374e-005
   2.59 1.43824e-005
   2.60 1.46292e-005
   2.61 1.48779e-005
   2.62 1.51285e-005
   2.63 1.53809e-005
   2.64 1.56351e-005
   2.65 1.58913e-005
   2.66 1.61492e-005
   2.67 1.64091e-005
   2.68 1.66708e-005
   2.69 1.69343e-005
   2.70 1.71997e-005
   2.71 1.74670e-005
   2.72 1.77361e-005
   2.73 1.80070e-005
   2.74 1.82798e-005
   2.75 1.85545e-005
   2.76 1.88311e-005
   2.77 1.91094e-005
   2.78 1.93897e-005
   2.79 1.96717e-005
   2.80 1.99557e-005
   2.81 2.02415e-005
   2.82 2.05291e-005
   2.83 2.08186e-005
   2.84 2.11099e-005
   2.85 2.14031e-005
   2.86 2.16982e-005
   2.87 2.19951e-005
   2.88 2.22938e-005
   2.89 2.25944e-005
   2.90 2.28968e-005
   2.91 2.32011e-005
   2.92 2.35072e-005
   2.93 2.38152e-005
   2.94 2.41250e-005
   2.95 2.44367e-005
   2.96 2.47502e-005
   2.97 2.50656e-005
   2.98 2.53828e-005
   2.99 2.57018e-005
   3.00 2.60227e-005
   3.01 2.63454e-005
   3.02 2.66700e-005
   3.03 2.69964e-005
   3.04 2.73247e-005
   3.05 2.76548e-005
   3.06 2.79867e-005
   3.07 2.83205e-005
   3.08 2.86561e-005
   3.09 2.89936e-005
   3.10 2.93329e-005
   3.11 2.96740e-005
   3.12 3.00170e-005
   3.13 3.03618e-005
   3.14 3.07084e-005
   3.15 3.10569e-005
   3.16 3.14072e-005
   3.17 3.17594e-005
   3.18 3.21133e-005
   3.19 3.24692e-005
   3.20 3.28268e-005
   3.21 3.31863e-005
   3.22 3.35476e-005
   3.23 3.39108e-005
   3.24 3.42758e-005
   3.25 3.46426e-005
   3.26 3.50112e-005
   3.27 3.53817e-005
   3.28 3.57540e-005
   3.29 3.61281e-005
   3.30 3.65041e-005
   3.31 3.68819e-005
   3.32 3.72615e-005
   3.33 3.76430e-005
   3.34 3.80262e-005
   3.35 3.84113e-005
   3.36 3.87983e-005
   3.37 3.91870e-005
   3.38 3.95776e-005
   3.39 3.99700e-005
   3.40 4.03642e-005
   3.41 4.07603e-005
   3.42 4.11582e-005
   3.43 4.15579e-005
   3.44 4.19594e-005
   3.45 4.23627e-005
   3.46 4.27679e-005
   3.47 4.31749e-005
   3.48 4.35837e-005
   3.49 4.39943e-005
   3.50 4.44068e-005
   3.51 4.48210e-005
   3.52 4.52371e-005
   3.53 4.56550e-005
   3.54 4.60747e-005
   3.55 4.64963e-005
   3.56 4.69196e-005
   3.57 4.73448e-005
   3.58 4.77718e-005
   3.59 4.82006e-005
   3.60 4.86312e-005
   3.61 4.90636e-005
   3.62 4.94979e-005
   3.63 4.99339e-005
   3.64 5.03718e-005
   3.65 5.08115e-005
   3.66 5.12530e-005
   3.67 5.16963e-005
   3.68 5.21414e-005
   3.69 5.25883e-005
   3.70 5.30371e-005
   3.71 5.34876e-005
   3.72 5.39400e-005
   3.73 5.43941e-005
   3.74 5.48501e-005
   3.75 5.53079e-005
   3.76 5.57675e-005
   3.77 5.62289e-005
   3.78 5.66921e-005
   3.79 5.71571e-005
   3.80 5.76239e-005
   3.81 5.80925e-005
   3.82 5.85630e-005
   3.83 5.90352e-005
   3.84 5.95092e-005
   3.85 5.99851e-005
   3.86 6.04627e-005
   3.87 6.09422e-005
   3.88 6.14234e-005
   3.89 6.19064e-005
   3.90 6.23913e-005
   3.91 6.28779e-005
   3.92 6.33664e-005
   3.93 6.38566e-005
   3.94 6.43487e-005
   3.95 6.48425e-005
   3.96 6.53382e-005
   3.97 6.58356e-005
   3.98 6.63348e-005
   3.99 6.68359e-005
   4.00 6.73387e-005
   4.01 6.78433e-005
   4.02 6.83498e-005
   4.03 6.88580e-005
   4.04 6.93680e-005
   4.05 6.98798e-005
   4.06 7.03934e-005
   4.07 7.09088e-005
   4.08 7.14260e-005
   4.09 7.19449e-005
   4.10 7.24657e-005
   4.11 7.29883e-005
   4.12 7.35126e-005
   4.13 7.40388e-005
   4.14 7.45667e-005
   4.15 7.50964e-005
   4.16 7.56279e-005
   4.17 7.61612e-005
   4.18 7.66963e-005
   4.19 7.72332e-005
   4.20 7.77719e-005
   4.21 7.83123e-005
   4.22 7.88546e-005
   4.23 7.93986e-005
   4.24 7.99444e-005
   4.25 8.04920e-005
   4.26 8.10414e-005
   4.27 8.15925e-005
   4.28 8.21455e-005
   4.29 8.27002e-005
   4.30 8.32567e-005
   4.31 8.38150e-005
   4.32 8.43751e-005
   4.33 8.49370e-005
   4.34 8.55006e-005
   4.35 8.60660e-005
   4.36 8.66332e-005
   4.37 8.72022e-005
   4.38 8.77730e-005
   4.39 8.83455e-005
   4.40 8.89198e-005
   4.41 8.94959e-005
   4.42 9.00738e-005
   4.43 9.06535e-005
   4.44 9.12349e-005
   4.45 9.18181e-005
   4.46 9.24031e-005
   4.47 9.29898e-005
   4.48 9.35784e-005
   4.49 9.41687e-005
   4.50 9.47608e-005
   4.51 9.53546e-005
   4.52 9.59502e-005
   4.53 9.65476e-005
   4.54 9.71468e-005
   4.55 9.77477e-005
   4.56 9.83505e-005
   4.57 9.89549e-005
   4.58 9.95612e-005
   4.59 1.00169e-004
   4.60 1.00779e-004
   4.61 1.01391e-004
   4.62 1.02004e-004
   4.63 1.02619e-004
   4.64 1.03236e-004
   4.65 1.03855e-004
   4.66 1.04475e-004
   4.67 1.05097e-004
   4.68 1.05721e-004
   4.69 1.06347e-004
   4.70 1.06974e-004
   4.71 1.07603e-004
   4.72 1.08234e-004
   4.73 1.08867e-004
   4.74 1.09502e-004
   4.75 1.10138e-004
   4.76 1.10776e-004
   4.77 1.11416e-004
   4.78 1.12057e-004
   4.79 1.12701e-004
   4.80 1.13346e-004
   4.81 1.13993e-004
   4.82 1.14641e-004
   4.83 1.15292e-004
   4.84 1.15944e-004
   4.85 1.16598e-004
   4.86 1.17253e-004
   4.87 1.17911e-004
   4.88 1.18570e-004
   4.89 1.19231e-004
   4.90 1.19894e-004
   4.91 1.20558e-004
   4.92 1.21224e-004
   4.93 1.21892e-004
   4.94 1.22562e-004
   4.95 1.23233e-004
   4.96 1.23907e-004
   4.97 1.24581e-004
   4.98 1.25258e-004
   4.99 1.25937e-004
   5.00 1.26617e-004
   5.01 1.27299e-004
   5.02 1.27983e-004
   5.03 1.28668e-004
   5.04 1.29355e-004
   5.05 1.30044e-004
   5.06 1.30735e-004
   5.07 1.31427e-004
   5.08 1.32122e-004
   5.09 1.32818e-004
   5.10 1.33515e-004
   5.11 1.34215e-004
   5.12 1.34916e-004
   5.13 1.35619e-004
   5.14 1.36324e-004
   5.15 1.37030e-004
   5.16 1.37738e-004
   5.17 1.38448e-004
   5.18 1.39160e-004
   5.19 1.39873e-004
   5.20 1.40589e-004
   5.21 1.41306e-004
   5.22 1.42024e-004
   5.23 1.42745e-004
   5.24 1.43467e-004
   5.25 1.44191e-004
   5.26 1.44916e-004
   5.27 1.45644e-004
   5.28 1.46373e-004
   5.29 1.47104e-004
   5.30 1.47836e-004
   5.31 1.48571e-004
   5.32 1.49307e-004
   5.33 1.50044e-004
   5.34 1.50784e-004
   5.35 1.51525e-004
   5.36 1.52268e-004
   5.37 1.53013e-004
   5.38 1.53759e-004
   5.39 1.54508e-004
   5.40 1.55258e-004
   5.41 1.56009e-004
   5.42 1.56763e-004
   5.43 1.57518e-004
   5.44 1.58275e-004
   5.45 1.59033e-004
   5.46 1.59794e-004
   5.47 1.60556e-004
   5.48 1.61320e-004
   5.49 1.62085e-004
   5.50 1.62853e-004
   5.51 1.63622e-004
   5.52 1.64392e-004
   5.53 1.65165e-004
   5.54 1.65939e-004
   5.55 1.66715e-004
   5.56 1.67493e-004
   5.57 1.68272e-004
   5.58 1.69053e-004
   5.59 1.69836e-004
   5.60 1.70620e-004
   5.61 1.71407e-004
   5.62 1.72195e-004
   5.63 1.72985e-004
   5.64 1.73776e-004
   5.65 1.74569e-004
   5.66 1.75364e-004
   5.67 1.76161e-004
   5.68 1.76959e-004
   5.69 1.77759e-004
   5.70 1.78561e-004
   5.71 1.79365e-004
   5.72 1.80170e-004
   5.73 1.80977e-004
   5.74 1.81785e-004
   5.75 1.82596e-004
   5.76 1.83408e-004
   5.77 1.84222e-004
   5.78 1.85037e-004
   5.79 1.85855e-004
   5.80 1.86674e-004
   5.81 1.87494e-004
   5.82 1.88317e-004
   5.83 1.89141e-004
   5.84 1.89967e-004
   5.85 1.90795e-004
   5.86 1.91624e-004
   5.87 1.92455e-004
   5.88 1.93288e-004
   5.89 1.94122e-004
   5.90 1.94958e-004
   5.91 1.95796e-004
   5.92 1.96636e-004
   5.93 1.97477e-004
   5.94 1.98320e-004
   5.95 1.99165e-004
   5.96 2.00011e-004
   5.97 2.00859e-004
   5.98 2.01709e-004
   5.99 2.02561e-004
   6.00 2.03414e-004
   6.01 2.04269e-004
   6.02 2.05126e-004
   6.03 2.05984e-004
   6.04 2.06844e-004
   6.05 2.07706e-004
   6.06 2.08570e-004
   6.07 2.09435e-004
   6.08 2.10302e-004
   6.09 2.11170e-004
   6.10 2.12041e-004
   6.11 2.12913e-004
   6.12 2.13787e-004
   6.13 2.14662e-004
   6.14 2.15539e-004
   6.15 2.16418e-004
   6.16 2.17299e-004
   6.17 2.18181e-004
   6.18 2.19065e-004
   6.19 2.19951e-004
   6.20 2.20838e-004
   6.21 2.21727e-004
   6.22 2.22618e-004
   6.23 2.23510e-004
   6.24 2.24405e-004
   6.25 2.25300e-004
   6.26 2.26198e-004
   6.27 2.27097e-004
   6.28 2.27998e-004
   6.29 2.28901e-004
   6.30 2.29805e-004
   6.31 2.30711e-004
   6.32 2.31619e-004
   6.33 2.32529e-004
   6.34 2.33440e-004
   6.35 2.34353e-004
   6.36 2.35267e-004
   6.37 2.36183e-004
   6.38 2.37101e-004
   6.39 2.38021e-004
   6.40 2.38942e-004
   6.41 2.39865e-004
   6.42 2.40790e-004
   6.43 2.41716e-004
   6.44 2.42644e-004
   6.45 2.43574e-004
   6.46 2.44506e-004
   6.47 2.45439e-004
   6.48 2.46374e-004
   6.49 2.47310e-004
   6.50 2.48248e-004
   6.51 2.49188e-004
   6.52 2.50130e-004
   6.53 2.51073e-004
   6.54 2.52018e-004
   6.55 2.52965e-004
   6.56 2.53913e-004
   6.57 2.54863e-004
   6.58 2.55815e-004
   6.59 2.56768e-004
   6.60 2.57724e-004
   6.61 2.58680e-004
   6.62 2.59639e-004
   6.63 2.60599e-004
   6.64 2.61561e-004
   6.65 2.62524e-004
   6.66 2.63489e-004
   6.67 2.64456e-004
   6.68 2.65425e-004
   6.69 2.66395e-004
   6.70 2.67367e-004
   6.71 2.68341e-004
   6.72 2.69316e-004
   6.73 2.70293e-004
   6.74 2.71271e-004
   6.75 2.72252e-004
   6.76 2.73234e-004
   6.77 2.74217e-004
   6.78 2.75203e-004
   6.79 2.76190e-004
   6.80 2.77179e-004
   6.81 2.78169e-004
   6.82 2.79161e-004
   6.83 2.80155e-004
   6.84 2.81150e-004
   6.85 2.82147e-004
   6.86 2.83146e-004
   6.87 2.84146e-004
   6.88 2.85148e-004
   6.89 2.86152e-004
   6.90 2.87158e-004
   6.91 2.88165e-004
   6.92 2.89174e-004
   6.93 2.90184e-004
   6.94 2.91196e-004
   6.95 2.92210e-004
   6.96 2.93225e-004
   6.97 2.94242e-004
   6.98 2.95261e-004
   6.99 2.96282e-004
   7.00 2.97304e-004
   7.01 2.98328e-004
   7.02 2.99353e-004
   7.03 3.00380e-004
   7.04 3.01409e-004
   7.05 3.02440e-004
   7.06 3.03472e-004
   7.07 3.04506e-004
   7.08 3.05541e-004
   7.09 3.06578e-004
   7.10 3.07617e-004
   7.11 3.08657e-004
   7.12 3.09699e-004
   7.13 3.10743e-004
   7.14 3.11789e-004
   7.15 3.12836e-004
   7.16 3.13885e-004
   7.17 3.14935e-004
   7.18 3.15987e-004
   7.19 3.17041e-004
   7.20 3.18096e-004
   7.21 3.19153e-004
   7.22 3.20212e-004
   7.23 3.21273e-004
   7.24 3.22335e-004
   7.25 3.23398e-004
   7.26 3.24464e-004
   7.27 3.25531e-004
   7.28 3.26599e-004
   7.29 3.27670e-004
   7.30 3.28742e-004
   7.31 3.29815e-004
   7.32 3.30891e-004
   7.33 3.31968e-004
   7.34 3.33046e-004
   7.35 3.34126e-004
   7.36 3.35208e-004
   7.37 3.36292e-004
   7.38 3.37377e-004
   7.39 3.38464e-004
   7.40 3.39553e-004
   7.41 3.40643e-004
   7.42 3.41735e-004
   7.43 3.42828e-004
   7.44 3.43923e-004
   7.45 3.45020e-004
   7.46 3.46118e-004
   7.47 3.47218e-004
   7.48 3.48320e-004
   7.49 3.49424e-004
   7.50 3.50529e-004
   7.51 3.51635e-004
   7.52 3.52744e-004
   7.53 3.53854e-004
   7.54 3.54965e-004
   7.55 3.56078e-004
   7.56 3.57193e-004
   7.57 3.58310e-004
   7.58 3.59428e-004
   7.59 3.60548e-004
   7.60 3.61669e-004
   7.61 3.62793e-004
   7.62 3.63917e-004
   7.63 3.65044e-004
   7.64 3.66172e-004
   7.65 3.67301e-004
   7.66 3.68433e-004
   7.67 3.69566e-004
   7.68 3.70700e-004
   7.69 3.71837e-004
   7.70 3.72974e-004
   7.71 3.74114e-004
   7.72 3.75255e-004
   7.73 3.76398e-004
   7.74 3.77542e-004
   7.75 3.78689e-004
   7.76 3.79836e-004
   7.77 3.80986e-004
   7.78 3.82137e-004
   7.79 3.83289e-004
   7.80 3.84444e-004
   7.81 3.85599e-004
   7.82 3.86757e-004
   7.83 3.87916e-004
   7.84 3.89077e-004
   7.85 3.90239e-004
   7.86 3.91403e-004
   7.87 3.92569e-004
   7.88 3.93737e-004
   7.89 3.94905e-004
   7.90 3.96076e-004
   7.91 3.97248e-004
   7.92 3.98422e-004
   7.93 3.99598e-004
   7.94 4.00775e-004
   7.95 4.01954e-004
   7.96 4.03134e-004
   7.97 4.04316e-004
   7.98 4.05500e-004
   7.99 4.06685e-004
   8.00 4.07872e-004
   8.01 4.09060e-004
   8.02 4.10250e-004
   8.03 4.11442e-004
   8.04 4.12636e-004
   8.05 4.13831e-004
   8.06 4.15027e-004
   8.07 4.16226e-004
   8.08 4.17425e-004
   8.09 4.18627e-004
   8.10 4.19830e-004
   8.11 4.21035e-004
   8.12 4.22241e-004
   8.13 4.23449e-004
   8.14 4.24659e-004
   8.15 4.25870e-004
   8.16 4.27083e-004
   8.17 4.28298e-004
   8.18 4.29514e-004
   8.19 4.30731e-004
   8.20 4.31951e-004
   8.21 4.33172e-004
   8.22 4.34394e-004
   8.23 4.35619e-004
   8.24 4.36844e-004
   8.25 4.38072e-004
   8.26 4.39301e-004
   8.27 4.40532e-004
   8.28 4.41764e-004
   8.29 4.42998e-004
   8.30 4.44233e-004
   8.31 4.45471e-004
   8.32 4.46709e-004
   8.33 4.47950e-004
   8.34 4.49192e-004
   8.35 4.50435e-004
   8.36 4.51681e-004
   8.37 4.52927e-004
   8.38 4.54176e-004
   8.39 4.55426e-004
   8.40 4.56678e-004
   8.41 4.57931e-004
   8.42 4.59186e-004
   8.43 4.60442e-004
   8.44 4.61700e-004
   8.45 4.62960e-004
   8.46 4.64221e-004
   8.47 4.65484e-004
   8.48 4.66749e-004
   8.49 4.68015e-004
   8.50 4.69283e-004
   8.51 4.70552e-004
   8.52 4.71823e-004
   8.53 4.73096e-004
   8.54 4.74370e-004
   8.55 4.75646e-004
   8.56 4.76923e-004
   8.57 4.78202e-004
   8.58 4.79483e-004
   8.59 4.80765e-004
   8.60 4.82049e-004
   8.61 4.83334e-004
   8.62 4.84621e-004
   8.63 4.85910e-004
   8.64 4.87200e-004
   8.65 4.88492e-004
   8.66 4.89785e-004
   8.67 4.91080e-004
   8.68 4.92377e-004
   8.69 4.93675e-004
   8.70 4.94975e-004
   8.71 4.96277e-004
   8.72 4.97580e-004
   8.73 4.98884e-004
   8.74 5.00190e-004
   8.75 5.01498e-004
   8.76 5.02808e-004
   8.77 5.04119e-004
   8.78 5.05431e-004
   8.79 5.06746e-004
   8.80 5.08061e-004
   8.81 5.09379e-004
   8.82 5.10698e-004
   8.83 5.12018e-004
   8.84 5.13341e-004
   8.85 5.14664e-004
   8.86 5.15990e-004
   8.87 5.17317e-004
   8.88 5.18645e-004
   8.89 5.19975e-004
   8.90 5.21307e-004
   8.91 5.22640e-004
   8.92 5.23975e-004
   8.93 5.25312e-004
   8.94 5.26650e-004
   8.95 5.27990e-004
   8.96 5.29331e-004
   8.97 5.30674e-004
   8.98 5.32018e-004
   8.99 5.33364e-004
   9.00 5.34712e-004
   9.01 5.36061e-004
   9.02 5.37412e-004
   9.03 5.38764e-004
   9.04 5.40118e-004
   9.05 5.41474e-004
   9.06 5.42831e-004
   9.07 5.44190e-004
   9.08 5.45550e-004
   9.09 5.46912e-004
   9.10 5.48276e-004
   9.11 5.49641e-004
   9.12 5.51007e-004
   9.13 5.52376e-004
   9.14 5.53746e-004
   9.15 5.55117e-004
   9.16 5.56490e-004
   9.17 5.57864e-004
   9.18 5.59241e-004
   9.19 5.60618e-004
   9.20 5.61998e-004
   9.21 5.63379e-004
   9.22 5.64761e-004
   9.23 5.66145e-004
   9.24 5.67531e-004
   9.25 5.68918e-004
   9.26 5.70307e-004
   9.27 5.71697e-004
   9.28 5.73089e-004
   9.29 5.74483e-004
   9.30 5.75878e-004
   9.31 5.77274e-004
   9.32 5.78673e-004
   9.33 5.80072e-004
   9.34 5.81474e-004
   9.35 5.82877e-004
   9.36 5.84281e-004
   9.37 5.85687e-004
   9.38 5.87095e-004
   9.39 5.88504e-004
   9.40 5.89915e-004
   9.41 5.91328e-004
   9.42 5.92742e-004
   9.43 5.94157e-004
   9.44 5.95574e-004
   9.45 5.96993e-004
   9.46 5.98413e-004
   9.47 5.99835e-004
   9.48 6.01258e-004
   9.49 6.02683e-004
   9.50 6.04110e-004
   9.51 6.05538e-004
   9.52 6.06968e-004
   9.53 6.08399e-004
   9.54 6.09832e-004
   9.55 6.11266e-004
   9.56 6.12702e-004
   9.57 6.14139e-004
   9.58 6.15579e-004
   9.59 6.17019e-004
   9.60 6.18461e-004
   9.61 6.19905e-004
   9.62 6.21350e-004
   9.63 6.22797e-004
   9.64 6.24246e-004
   9.65 6.25696e-004
   9.66 6.27147e-004
   9.67 6.28600e-004
   9.68 6.30055e-004
   9.69 6.31511e-004
   9.70 6.32969e-004
   9.71 6.34429e-004
   9.72 6.35890e-004
   9.73 6.37352e-004
   9.74 6.38816e-004
   9.75 6.40282e-004
   9.76 6.41749e-004
   9.77 6.43218e-004
   9.78 6.44688e-004
   9.79 6.46160e-004
   9.80 6.47633e-004
   9.81 6.49108e-004
   9.82 6.50585e-004
   9.83 6.52063e-004
   9.84 6.53542e-004
   9.85 6.55023e-004
   9.86 6.56506e-004
   9.87 6.57990e-004
   9.88 6.59476e-004
   9.89 6.60964e-004
   9.90 6.62453e-004
   9.91 6.63943e-004
   9.92 6.65435e-004
   9.93 6.66929e-004
   9.94 6.68424e-004
   9.95 6.69921e-004
   9.96 6.71419e-004
   9.97 6.72919e-004
   9.98 6.74420e-004
   9.99 6.75923e-004
  10.00 6.77427e-004
  11.00 8.35628e-004
  12.00 1.00893e-003
  13.00 1.19696e-003
  14.00 1.39935e-003
  15.00 1.61574e-003
  16.00 1.84578e-003
  17.00 2.08910e-003
  18.00 2.34538e-003
  19.00 2.61428e-003
  20.00 2.89547e-003
  21.00 3.18862e-003
  22.00 3.49342e-003
  23.00 3.80955e-003
  24.00 4.13672e-003
  25.00 4.47462e-003
  26.00 4.82295e-003
  27.00 5.18144e-003
  28.00 5.54979e-003
  29.00 5.92773e-003
  30.00 6.31498e-003
  31.00 6.71129e-003
  32.00 7.11639e-003
  33.00 7.53002e-003
  34.00 7.95194e-003
  35.00 8.38189e-003
  36.00 8.81963e-003
  37.00 9.26494e-003
  38.00 9.71757e-003
  39.00 1.01773e-002
  40.00 1.06439e-002
  41.00 1.11172e-002
  42.00 1.15969e-002
  43.00 1.20829e-002
  44.00 1.25749e-002
  45.00 1.30728e-002
  46.00 1.35762e-002
  47.00 1.40852e-002
  48.00 1.45994e-002
  49.00 1.51187e-002
  50.00 1.56429e-002
  51.00 1.61718e-002
  52.00 1.67053e-002
  53.00 1.72432e-002
  54.00 1.77853e-002
  55.00 1.83315e-002
  56.00 1.88815e-002
  57.00 1.94354e-002
  58.00 1.99929e-002
  59.00 2.05538e-002
  60.00 2.11180e-002
  61.00 2.16855e-002
  62.00 2.22560e-002
  63.00 2.28294e-002
  64.00 2.34056e-002
  65.00 2.39845e-002
  66.00 2.45659e-002
  67.00 2.51497e-002
  68.00 2.57358e-002
  69.00 2.63242e-002
  70.00 2.69146e-002
  71.00 2.75070e-002
  72.00 2.81012e-002
  73.00 2.86972e-002
  74.00 2.92949e-002
  75.00 2.98942e-002
  76.00 3.04949e-002
  77.00 3.10970e-002
  78.00 3.17004e-002
  79.00 3.23049e-002
  80.00 3.29106e-002
  81.00 3.35174e-002
  82.00 3.41251e-002
  83.00 3.47336e-002
  84.00 3.53430e-002
  85.00 3.59531e-002
  86.00 3.65638e-002
  87.00 3.71751e-002
  88.00 3.77869e-002
  89.00 3.83992e-002
  90.00 3.90119e-002
  91.00 3.96248e-002
  92.00 4.02381e-002
  93.00 4.08515e-002
  94.00 4.14651e-002
  95.00 4.20787e-002
  96.00 4.26924e-002
  97.00 4.33061e-002
  98.00 4.39197e-002
  99.00 4.45332e-002
 100.00 4.51466e-002
 110.00 5.12615e-002
 120.00 5.73182e-002
 130.00 6.32901e-002
 140.00 6.91597e-002
 150.00 7.49166e-002
 160.00 8.05561e-002
 170.00 8.60771e-002
 180.00 9.14816e-002
 190.00 9.67738e-002
 200.00 1.01959e-001
 210.00 1.07044e-001
 220.00 1.12034e-001
 230.00 1.16938e-001
 240.00 1.21761e-001
 250.00 1.26511e-001
 260.00 1.31193e-001
 270.00 1.35814e-001
 280.00 1.40379e-001
 290.00 1.44893e-001
 300.00 1.49360e-001
 310.00 1.53785e-001
 320.00 1.58171e-001
 330.00 1.62521e-001
 340.00 1.66839e-001
 350.00 1.71127e-001
 360.00 1.75386e-001
 370.00 1.79618e-001
 380.00 1.83826e-001
 390.00 1.88011e-001
 400.00 1.92173e-001
 410.00 1.96313e-001
 420.00 2.00433e-001
 430.00 2.04532e-001
 440.00 2.08611e-001
 450.00 2.12670e-001
 460.00 2.16710e-001
 470.00 2.20730e-001
 480.00 2.24731e-001
 490.00 2.28712e-001
 500.00 2.32673e-001

