   1.80 2.96939e-005
   1.81 3.00363e-005
   1.82 3.03805e-005
   1.83 3.07265e-005
   1.84 3.10744e-005
   1.85 3.14241e-005
   1.86 3.17757e-005
   1.87 3.21291e-005
   1.88 3.24843e-005
   1.89 3.28414e-005
   1.90 3.32003e-005
   1.91 3.35611e-005
   1.92 3.39237e-005
   1.93 3.42881e-005
   1.94 3.46544e-005
   1.95 3.50225e-005
   1.96 3.53924e-005
   1.97 3.57642e-005
   1.98 3.61378e-005
   1.99 3.65133e-005
   2.00 3.68906e-005
   2.01 3.72697e-005
   2.02 3.76507e-005
   2.03 3.80335e-005
   2.04 3.84181e-005
   2.05 3.88046e-005
   2.06 3.91929e-005
   2.07 3.95830e-005
   2.08 3.99749e-005
   2.09 4.03687e-005
   2.10 4.07644e-005
   2.11 4.11618e-005
   2.12 4.15611e-005
   2.13 4.19622e-005
   2.14 4.23652e-005
   2.15 4.27700e-005
   2.16 4.31766e-005
   2.17 4.35850e-005
   2.18 4.39953e-005
   2.19 4.44074e-005
   2.20 4.48213e-005
   2.21 4.52371e-005
   2.22 4.56546e-005
   2.23 4.60740e-005
   2.24 4.64953e-005
   2.25 4.69183e-005
   2.26 4.73432e-005
   2.27 4.77699e-005
   2.28 4.81984e-005
   2.29 4.86288e-005
   2.30 4.90610e-005
   2.31 4.94950e-005
   2.32 4.99308e-005
   2.33 5.03684e-005
   2.34 5.08079e-005
   2.35 5.12492e-005
   2.36 5.16923e-005
   2.37 5.21372e-005
   2.38 5.25840e-005
   2.39 5.30326e-005
   2.40 5.34830e-005
   2.41 5.39352e-005
   2.42 5.43892e-005
   2.43 5.48450e-005
   2.44 5.53027e-005
   2.45 5.57622e-005
   2.46 5.62235e-005
   2.47 5.66866e-005
   2.48 5.71515e-005
   2.49 5.76183e-005
   2.50 5.80868e-005
   2.51 5.85572e-005
   2.52 5.90294e-005
   2.53 5.95034e-005
   2.54 5.99792e-005
   2.55 6.04569e-005
   2.56 6.09363e-005
   2.57 6.14176e-005
   2.58 6.19006e-005
   2.59 6.23855e-005
   2.60 6.28722e-005
   2.61 6.33607e-005
   2.62 6.38510e-005
   2.63 6.43431e-005
   2.64 6.48371e-005
   2.65 6.53328e-005
   2.66 6.58303e-005
   2.67 6.63297e-005
   2.68 6.68308e-005
   2.69 6.73338e-005
   2.70 6.78386e-005
   2.71 6.83452e-005
   2.72 6.88536e-005
   2.73 6.93637e-005
   2.74 6.98757e-005
   2.75 7.03895e-005
   2.76 7.09051e-005
   2.77 7.14226e-005
   2.78 7.19418e-005
   2.79 7.24628e-005
   2.80 7.29856e-005
   2.81 7.35102e-005
   2.82 7.40366e-005
   2.83 7.45649e-005
   2.84 7.50949e-005
   2.85 7.56267e-005
   2.86 7.61603e-005
   2.87 7.66957e-005
   2.88 7.72330e-005
   2.89 7.77720e-005
   2.90 7.83128e-005
   2.91 7.88554e-005
   2.92 7.93998e-005
   2.93 7.99460e-005
   2.94 8.04940e-005
   2.95 8.10438e-005
   2.96 8.15954e-005
   2.97 8.21488e-005
   2.98 8.27040e-005
   2.99 8.32610e-005
   3.00 8.38197e-005
   3.01 8.43803e-005
   3.02 8.49426e-005
   3.03 8.55068e-005
   3.04 8.60727e-005
   3.05 8.66405e-005
   3.06 8.72100e-005
   3.07 8.77813e-005
   3.08 8.83544e-005
   3.09 8.89293e-005
   3.10 8.95060e-005
   3.11 9.00845e-005
   3.12 9.06647e-005
   3.13 9.12468e-005
   3.14 9.18306e-005
   3.15 9.24162e-005
   3.16 9.30036e-005
   3.17 9.35928e-005
   3.18 9.41838e-005
   3.19 9.47766e-005
   3.20 9.53711e-005
   3.21 9.59675e-005
   3.22 9.65656e-005
   3.23 9.71655e-005
   3.24 9.77672e-005
   3.25 9.83706e-005
   3.26 9.89759e-005
   3.27 9.95829e-005
   3.28 1.00192e-004
   3.29 1.00802e-004
   3.30 1.01415e-004
   3.31 1.02029e-004
   3.32 1.02645e-004
   3.33 1.03263e-004
   3.34 1.03882e-004
   3.35 1.04503e-004
   3.36 1.05126e-004
   3.37 1.05751e-004
   3.38 1.06378e-004
   3.39 1.07006e-004
   3.40 1.07636e-004
   3.41 1.08268e-004
   3.42 1.08902e-004
   3.43 1.09537e-004
   3.44 1.10175e-004
   3.45 1.10814e-004
   3.46 1.11455e-004
   3.47 1.12097e-004
   3.48 1.12741e-004
   3.49 1.13388e-004
   3.50 1.14036e-004
   3.51 1.14685e-004
   3.52 1.15337e-004
   3.53 1.15990e-004
   3.54 1.16645e-004
   3.55 1.17302e-004
   3.56 1.17960e-004
   3.57 1.18620e-004
   3.58 1.19282e-004
   3.59 1.19946e-004
   3.60 1.20612e-004
   3.61 1.21279e-004
   3.62 1.21948e-004
   3.63 1.22619e-004
   3.64 1.23292e-004
   3.65 1.23966e-004
   3.66 1.24643e-004
   3.67 1.25320e-004
   3.68 1.26000e-004
   3.69 1.26682e-004
   3.70 1.27365e-004
   3.71 1.28050e-004
   3.72 1.28737e-004
   3.73 1.29425e-004
   3.74 1.30116e-004
   3.75 1.30808e-004
   3.76 1.31501e-004
   3.77 1.32197e-004
   3.78 1.32894e-004
   3.79 1.33593e-004
   3.80 1.34294e-004
   3.81 1.34997e-004
   3.82 1.35701e-004
   3.83 1.36407e-004
   3.84 1.37115e-004
   3.85 1.37825e-004
   3.86 1.38536e-004
   3.87 1.39249e-004
   3.88 1.39964e-004
   3.89 1.40681e-004
   3.90 1.41399e-004
   3.91 1.42120e-004
   3.92 1.42842e-004
   3.93 1.43565e-004
   3.94 1.44291e-004
   3.95 1.45018e-004
   3.96 1.45747e-004
   3.97 1.46478e-004
   3.98 1.47210e-004
   3.99 1.47944e-004
   4.00 1.48680e-004
   4.01 1.49418e-004
   4.02 1.50157e-004
   4.03 1.50898e-004
   4.04 1.51641e-004
   4.05 1.52386e-004
   4.06 1.53133e-004
   4.07 1.53881e-004
   4.08 1.54631e-004
   4.09 1.55382e-004
   4.10 1.56136e-004
   4.11 1.56891e-004
   4.12 1.57648e-004
   4.13 1.58407e-004
   4.14 1.59167e-004
   4.15 1.59929e-004
   4.16 1.60693e-004
   4.17 1.61459e-004
   4.18 1.62226e-004
   4.19 1.62995e-004
   4.20 1.63766e-004
   4.21 1.64539e-004
   4.22 1.65313e-004
   4.23 1.66089e-004
   4.24 1.66867e-004
   4.25 1.67647e-004
   4.26 1.68428e-004
   4.27 1.69211e-004
   4.28 1.69996e-004
   4.29 1.70782e-004
   4.30 1.71570e-004
   4.31 1.72360e-004
   4.32 1.73152e-004
   4.33 1.73946e-004
   4.34 1.74741e-004
   4.35 1.75538e-004
   4.36 1.76336e-004
   4.37 1.77137e-004
   4.38 1.77939e-004
   4.39 1.78743e-004
   4.40 1.79549e-004
   4.41 1.80356e-004
   4.42 1.81165e-004
   4.43 1.81976e-004
   4.44 1.82788e-004
   4.45 1.83603e-004
   4.46 1.84419e-004
   4.47 1.85236e-004
   4.48 1.86056e-004
   4.49 1.86877e-004
   4.50 1.87700e-004
   4.51 1.88525e-004
   4.52 1.89351e-004
   4.53 1.90179e-004
   4.54 1.91009e-004
   4.55 1.91841e-004
   4.56 1.92674e-004
   4.57 1.93509e-004
   4.58 1.94346e-004
   4.59 1.95184e-004
   4.60 1.96024e-004
   4.61 1.96866e-004
   4.62 1.97710e-004
   4.63 1.98555e-004
   4.64 1.99402e-004
   4.65 2.00251e-004
   4.66 2.01102e-004
   4.67 2.01954e-004
   4.68 2.02808e-004
   4.69 2.03664e-004
   4.70 2.04521e-004
   4.71 2.05380e-004
   4.72 2.06241e-004
   4.73 2.07104e-004
   4.74 2.07968e-004
   4.75 2.08834e-004
   4.76 2.09702e-004
   4.77 2.10571e-004
   4.78 2.11442e-004
   4.79 2.12315e-004
   4.80 2.13190e-004
   4.81 2.14066e-004
   4.82 2.14944e-004
   4.83 2.15824e-004
   4.84 2.16705e-004
   4.85 2.17589e-004
   4.86 2.18473e-004
   4.87 2.19360e-004
   4.88 2.20248e-004
   4.89 2.21138e-004
   4.90 2.22030e-004
   4.91 2.22924e-004
   4.92 2.23819e-004
   4.93 2.24716e-004
   4.94 2.25614e-004
   4.95 2.26515e-004
   4.96 2.27417e-004
   4.97 2.28320e-004
   4.98 2.29226e-004
   4.99 2.30133e-004
   5.00 2.31042e-004
   5.01 2.31952e-004
   5.02 2.32865e-004
   5.03 2.33779e-004
   5.04 2.34694e-004
   5.05 2.35612e-004
   5.06 2.36531e-004
   5.07 2.37452e-004
   5.08 2.38374e-004
   5.09 2.39298e-004
   5.10 2.40224e-004
   5.11 2.41152e-004
   5.12 2.42081e-004
   5.13 2.43012e-004
   5.14 2.43945e-004
   5.15 2.44879e-004
   5.16 2.45815e-004
   5.17 2.46753e-004
   5.18 2.47693e-004
   5.19 2.48634e-004
   5.20 2.49577e-004
   5.21 2.50521e-004
   5.22 2.51468e-004
   5.23 2.52416e-004
   5.24 2.53366e-004
   5.25 2.54317e-004
   5.26 2.55270e-004
   5.27 2.56225e-004
   5.28 2.57181e-004
   5.29 2.58140e-004
   5.30 2.59099e-004
   5.31 2.60061e-004
   5.32 2.61024e-004
   5.33 2.61989e-004
   5.34 2.62956e-004
   5.35 2.63924e-004
   5.36 2.64894e-004
   5.37 2.65866e-004
   5.38 2.66840e-004
   5.39 2.67815e-004
   5.40 2.68792e-004
   5.41 2.69770e-004
   5.42 2.70750e-004
   5.43 2.71732e-004
   5.44 2.72716e-004
   5.45 2.73701e-004
   5.46 2.74688e-004
   5.47 2.75677e-004
   5.48 2.76667e-004
   5.49 2.77659e-004
   5.50 2.78653e-004
   5.51 2.79648e-004
   5.52 2.80645e-004
   5.53 2.81644e-004
   5.54 2.82645e-004
   5.55 2.83647e-004
   5.56 2.84651e-004
   5.57 2.85656e-004
   5.58 2.86663e-004
   5.59 2.87672e-004
   5.60 2.88683e-004
   5.61 2.89695e-004
   5.62 2.90709e-004
   5.63 2.91725e-004
   5.64 2.92742e-004
   5.65 2.93761e-004
   5.66 2.94782e-004
   5.67 2.95804e-004
   5.68 2.96828e-004
   5.69 2.97854e-004
   5.70 2.98881e-004
   5.71 2.99910e-004
   5.72 3.00941e-004
   5.73 3.01973e-004
   5.74 3.03007e-004
   5.75 3.04043e-004
   5.76 3.05081e-004
   5.77 3.06120e-004
   5.78 3.07161e-004
   5.79 3.08203e-004
   5.80 3.09247e-004
   5.81 3.10293e-004
   5.82 3.11340e-004
   5.83 3.12390e-004
   5.84 3.13440e-004
   5.85 3.14493e-004
   5.86 3.15547e-004
   5.87 3.16603e-004
   5.88 3.17661e-004
   5.89 3.18720e-004
   5.90 3.19781e-004
   5.91 3.20843e-004
   5.92 3.21907e-004
   5.93 3.22973e-004
   5.94 3.24041e-004
   5.95 3.25110e-004
   5.96 3.26181e-004
   5.97 3.27254e-004
   5.98 3.28328e-004
   5.99 3.29404e-004
   6.00 3.30481e-004
   6.01 3.31560e-004
   6.02 3.32641e-004
   6.03 3.33724e-004
   6.04 3.34808e-004
   6.05 3.35894e-004
   6.06 3.36982e-004
   6.07 3.38071e-004
   6.08 3.39162e-004
   6.09 3.40254e-004
   6.10 3.41348e-004
   6.11 3.42444e-004
   6.12 3.43542e-004
   6.13 3.44641e-004
   6.14 3.45742e-004
   6.15 3.46844e-004
   6.16 3.47949e-004
   6.17 3.49054e-004
   6.18 3.50162e-004
   6.19 3.51271e-004
   6.20 3.52382e-004
   6.21 3.53494e-004
   6.22 3.54608e-004
   6.23 3.55724e-004
   6.24 3.56842e-004
   6.25 3.57961e-004
   6.26 3.59082e-004
   6.27 3.60204e-004
   6.28 3.61328e-004
   6.29 3.62454e-004
   6.30 3.63581e-004
   6.31 3.64710e-004
   6.32 3.65841e-004
   6.33 3.66973e-004
   6.34 3.68107e-004
   6.35 3.69243e-004
   6.36 3.70380e-004
   6.37 3.71519e-004
   6.38 3.72660e-004
   6.39 3.73802e-004
   6.40 3.74946e-004
   6.41 3.76091e-004
   6.42 3.77238e-004
   6.43 3.78387e-004
   6.44 3.79538e-004
   6.45 3.80690e-004
   6.46 3.81844e-004
   6.47 3.82999e-004
   6.48 3.84156e-004
   6.49 3.85315e-004
   6.50 3.86475e-004
   6.51 3.87637e-004
   6.52 3.88801e-004
   6.53 3.89966e-004
   6.54 3.91133e-004
   6.55 3.92302e-004
   6.56 3.93472e-004
   6.57 3.94644e-004
   6.58 3.95817e-004
   6.59 3.96993e-004
   6.60 3.98169e-004
   6.61 3.99348e-004
   6.62 4.00528e-004
   6.63 4.01710e-004
   6.64 4.02893e-004
   6.65 4.04078e-004
   6.66 4.05265e-004
   6.67 4.06453e-004
   6.68 4.07643e-004
   6.69 4.08835e-004
   6.70 4.10028e-004
   6.71 4.11223e-004
   6.72 4.12419e-004
   6.73 4.13617e-004
   6.74 4.14817e-004
   6.75 4.16018e-004
   6.76 4.17222e-004
   6.77 4.18426e-004
   6.78 4.19632e-004
   6.79 4.20840e-004
   6.80 4.22050e-004
   6.81 4.23261e-004
   6.82 4.24474e-004
   6.83 4.25689e-004
   6.84 4.26905e-004
   6.85 4.28122e-004
   6.86 4.29342e-004
   6.87 4.30563e-004
   6.88 4.31785e-004
   6.89 4.33010e-004
   6.90 4.34235e-004
   6.91 4.35463e-004
   6.92 4.36692e-004
   6.93 4.37923e-004
   6.94 4.39155e-004
   6.95 4.40389e-004
   6.96 4.41625e-004
   6.97 4.42862e-004
   6.98 4.44101e-004
   6.99 4.45342e-004
   7.00 4.46584e-004
   7.01 4.47828e-004
   7.02 4.49073e-004
   7.03 4.50320e-004
   7.04 4.51569e-004
   7.05 4.52819e-004
   7.06 4.54071e-004
   7.07 4.55325e-004
   7.08 4.56580e-004
   7.09 4.57837e-004
   7.10 4.59095e-004
   7.11 4.60355e-004
   7.12 4.61617e-004
   7.13 4.62880e-004
   7.14 4.64145e-004
   7.15 4.65411e-004
   7.16 4.66679e-004
   7.17 4.67949e-004
   7.18 4.69221e-004
   7.19 4.70494e-004
   7.20 4.71768e-004
   7.21 4.73044e-004
   7.22 4.74322e-004
   7.23 4.75602e-004
   7.24 4.76883e-004
   7.25 4.78165e-004
   7.26 4.79450e-004
   7.27 4.80736e-004
   7.28 4.82023e-004
   7.29 4.83312e-004
   7.30 4.84603e-004
   7.31 4.85896e-004
   7.32 4.87190e-004
   7.33 4.88485e-004
   7.34 4.89782e-004
   7.35 4.91081e-004
   7.36 4.92382e-004
   7.37 4.93684e-004
   7.38 4.94987e-004
   7.39 4.96293e-004
   7.40 4.97599e-004
   7.41 4.98908e-004
   7.42 5.00218e-004
   7.43 5.01530e-004
   7.44 5.02843e-004
   7.45 5.04158e-004
   7.46 5.05475e-004
   7.47 5.06793e-004
   7.48 5.08112e-004
   7.49 5.09434e-004
   7.50 5.10757e-004
   7.51 5.12081e-004
   7.52 5.13407e-004
   7.53 5.14735e-004
   7.54 5.16065e-004
   7.55 5.17396e-004
   7.56 5.18728e-004
   7.57 5.20062e-004
   7.58 5.21398e-004
   7.59 5.22736e-004
   7.60 5.24075e-004
   7.61 5.25415e-004
   7.62 5.26757e-004
   7.63 5.28101e-004
   7.64 5.29447e-004
   7.65 5.30794e-004
   7.66 5.32142e-004
   7.67 5.33492e-004
   7.68 5.34844e-004
   7.69 5.36198e-004
   7.70 5.37553e-004
   7.71 5.38909e-004
   7.72 5.40267e-004
   7.73 5.41627e-004
   7.74 5.42989e-004
   7.75 5.44352e-004
   7.76 5.45716e-004
   7.77 5.47082e-004
   7.78 5.48450e-004
   7.79 5.49819e-004
   7.80 5.51190e-004
   7.81 5.52563e-004
   7.82 5.53937e-004
   7.83 5.55313e-004
   7.84 5.56690e-004
   7.85 5.58069e-004
   7.86 5.59450e-004
   7.87 5.60832e-004
   7.88 5.62215e-004
   7.89 5.63601e-004
   7.90 5.64988e-004
   7.91 5.66376e-004
   7.92 5.67766e-004
   7.93 5.69158e-004
   7.94 5.70551e-004
   7.95 5.71946e-004
   7.96 5.73342e-004
   7.97 5.74740e-004
   7.98 5.76140e-004
   7.99 5.77541e-004
   8.00 5.78944e-004
   8.01 5.80348e-004
   8.02 5.81754e-004
   8.03 5.83161e-004
   8.04 5.84570e-004
   8.05 5.85981e-004
   8.06 5.87393e-004
   8.07 5.88807e-004
   8.08 5.90223e-004
   8.09 5.91640e-004
   8.10 5.93058e-004
   8.11 5.94478e-004
   8.12 5.95900e-004
   8.13 5.97324e-004
   8.14 5.98749e-004
   8.15 6.00175e-004
   8.16 6.01603e-004
   8.17 6.03033e-004
   8.18 6.04464e-004
   8.19 6.05897e-004
   8.20 6.07331e-004
   8.21 6.08767e-004
   8.22 6.10205e-004
   8.23 6.11644e-004
   8.24 6.13085e-004
   8.25 6.14527e-004
   8.26 6.15971e-004
   8.27 6.17416e-004
   8.28 6.18863e-004
   8.29 6.20312e-004
   8.30 6.21762e-004
   8.31 6.23214e-004
   8.32 6.24667e-004
   8.33 6.26122e-004
   8.34 6.27578e-004
   8.35 6.29036e-004
   8.36 6.30496e-004
   8.37 6.31957e-004
   8.38 6.33420e-004
   8.39 6.34884e-004
   8.40 6.36350e-004
   8.41 6.37817e-004
   8.42 6.39286e-004
   8.43 6.40757e-004
   8.44 6.42229e-004
   8.45 6.43703e-004
   8.46 6.45178e-004
   8.47 6.46655e-004
   8.48 6.48133e-004
   8.49 6.49613e-004
   8.50 6.51095e-004
   8.51 6.52578e-004
   8.52 6.54063e-004
   8.53 6.55549e-004
   8.54 6.57037e-004
   8.55 6.58526e-004
   8.56 6.60017e-004
   8.57 6.61510e-004
   8.58 6.63004e-004
   8.59 6.64500e-004
   8.60 6.65997e-004
   8.61 6.67496e-004
   8.62 6.68996e-004
   8.63 6.70498e-004
   8.64 6.72001e-004
   8.65 6.73506e-004
   8.66 6.75013e-004
   8.67 6.76521e-004
   8.68 6.78031e-004
   8.69 6.79542e-004
   8.70 6.81055e-004
   8.71 6.82569e-004
   8.72 6.84085e-004
   8.73 6.85602e-004
   8.74 6.87122e-004
   8.75 6.88642e-004
   8.76 6.90164e-004
   8.77 6.91688e-004
   8.78 6.93213e-004
   8.79 6.94740e-004
   8.80 6.96268e-004
   8.81 6.97798e-004
   8.82 6.99330e-004
   8.83 7.00863e-004
   8.84 7.02397e-004
   8.85 7.03934e-004
   8.86 7.05471e-004
   8.87 7.07011e-004
   8.88 7.08551e-004
   8.89 7.10094e-004
   8.90 7.11638e-004
   8.91 7.13183e-004
   8.92 7.14730e-004
   8.93 7.16279e-004
   8.94 7.17829e-004
   8.95 7.19380e-004
   8.96 7.20934e-004
   8.97 7.22488e-004
   8.98 7.24045e-004
   8.99 7.25603e-004
   9.00 7.27162e-004
   9.01 7.28723e-004
   9.02 7.30285e-004
   9.03 7.31849e-004
   9.04 7.33415e-004
   9.05 7.34982e-004
   9.06 7.36551e-004
   9.07 7.38121e-004
   9.08 7.39693e-004
   9.09 7.41266e-004
   9.10 7.42841e-004
   9.11 7.44417e-004
   9.12 7.45995e-004
   9.13 7.47575e-004
   9.14 7.49156e-004
   9.15 7.50738e-004
   9.16 7.52322e-004
   9.17 7.53908e-004
   9.18 7.55495e-004
   9.19 7.57084e-004
   9.20 7.58674e-004
   9.21 7.60266e-004
   9.22 7.61859e-004
   9.23 7.63454e-004
   9.24 7.65051e-004
   9.25 7.66648e-004
   9.26 7.68248e-004
   9.27 7.69849e-004
   9.28 7.71452e-004
   9.29 7.73056e-004
   9.30 7.74661e-004
   9.31 7.76268e-004
   9.32 7.77877e-004
   9.33 7.79487e-004
   9.34 7.81099e-004
   9.35 7.82712e-004
   9.36 7.84327e-004
   9.37 7.85944e-004
   9.38 7.87562e-004
   9.39 7.89181e-004
   9.40 7.90802e-004
   9.41 7.92424e-004
   9.42 7.94048e-004
   9.43 7.95674e-004
   9.44 7.97301e-004
   9.45 7.98930e-004
   9.46 8.00560e-004
   9.47 8.02192e-004
   9.48 8.03825e-004
   9.49 8.05459e-004
   9.50 8.07096e-004
   9.51 8.08734e-004
   9.52 8.10373e-004
   9.53 8.12014e-004
   9.54 8.13656e-004
   9.55 8.15300e-004
   9.56 8.16945e-004
   9.57 8.18592e-004
   9.58 8.20241e-004
   9.59 8.21891e-004
   9.60 8.23542e-004
   9.61 8.25195e-004
   9.62 8.26850e-004
   9.63 8.28506e-004
   9.64 8.30164e-004
   9.65 8.31823e-004
   9.66 8.33483e-004
   9.67 8.35146e-004
   9.68 8.36809e-004
   9.69 8.38474e-004
   9.70 8.40141e-004
   9.71 8.41809e-004
   9.72 8.43479e-004
   9.73 8.45151e-004
   9.74 8.46823e-004
   9.75 8.48498e-004
   9.76 8.50173e-004
   9.77 8.51851e-004
   9.78 8.53530e-004
   9.79 8.55210e-004
   9.80 8.56892e-004
   9.81 8.58575e-004
   9.82 8.60260e-004
   9.83 8.61947e-004
   9.84 8.63635e-004
   9.85 8.65324e-004
   9.86 8.67015e-004
   9.87 8.68708e-004
   9.88 8.70402e-004
   9.89 8.72097e-004
   9.90 8.73795e-004
   9.91 8.75493e-004
   9.92 8.77193e-004
   9.93 8.78895e-004
   9.94 8.80598e-004
   9.95 8.82303e-004
   9.96 8.84009e-004
   9.97 8.85716e-004
   9.98 8.87425e-004
   9.99 8.89136e-004
  10.00 8.90848e-004
  11.00 1.06962e-003
  12.00 1.26310e-003
  13.00 1.47092e-003
  14.00 1.69271e-003
  15.00 1.92813e-003
  16.00 2.17682e-003
  17.00 2.43844e-003
  18.00 2.71266e-003
  19.00 2.99913e-003
  20.00 3.29755e-003
  21.00 3.60759e-003
  22.00 3.92893e-003
  23.00 4.26128e-003
  24.00 4.60434e-003
  25.00 4.95780e-003
  26.00 5.32139e-003
  27.00 5.69481e-003
  28.00 6.07779e-003
  29.00 6.47005e-003
  30.00 6.87134e-003
  31.00 7.28138e-003
  32.00 7.69993e-003
  33.00 8.12672e-003
  34.00 8.56152e-003
  35.00 9.00409e-003
  36.00 9.45418e-003
  37.00 9.91156e-003
  38.00 1.03760e-002
  39.00 1.08473e-002
  40.00 1.13252e-002
  41.00 1.18096e-002
  42.00 1.23001e-002
  43.00 1.27967e-002
  44.00 1.32990e-002
  45.00 1.38070e-002
  46.00 1.43204e-002
  47.00 1.48390e-002
  48.00 1.53626e-002
  49.00 1.58911e-002
  50.00 1.64243e-002
  51.00 1.69621e-002
  52.00 1.75042e-002
  53.00 1.80505e-002
  54.00 1.86008e-002
  55.00 1.91550e-002
  56.00 1.97129e-002
  57.00 2.02744e-002
  58.00 2.08393e-002
  59.00 2.14075e-002
  60.00 2.19789e-002
  61.00 2.25532e-002
  62.00 2.31305e-002
  63.00 2.37105e-002
  64.00 2.42931e-002
  65.00 2.48783e-002
  66.00 2.54658e-002
  67.00 2.60556e-002
  68.00 2.66475e-002
  69.00 2.72415e-002
  70.00 2.78374e-002
  71.00 2.84352e-002
  72.00 2.90347e-002
  73.00 2.96358e-002
  74.00 3.02384e-002
  75.00 3.08425e-002
  76.00 3.14479e-002
  77.00 3.20546e-002
  78.00 3.26624e-002
  79.00 3.32713e-002
  80.00 3.38813e-002
  81.00 3.44921e-002
  82.00 3.51038e-002
  83.00 3.57162e-002
  84.00 3.63293e-002
  85.00 3.69430e-002
  86.00 3.75573e-002
  87.00 3.81721e-002
  88.00 3.87873e-002
  89.00 3.94028e-002
  90.00 4.00186e-002
  91.00 4.06346e-002
  92.00 4.12508e-002
  93.00 4.18671e-002
  94.00 4.24835e-002
  95.00 4.30998e-002
  96.00 4.37162e-002
  97.00 4.43324e-002
  98.00 4.49484e-002
  99.00 4.55643e-002
 100.00 4.61799e-002
 110.00 5.23139e-002
 120.00 5.83837e-002
 130.00 6.43638e-002
 140.00 7.02380e-002
 150.00 7.59967e-002
 160.00 8.16358e-002
 170.00 8.71548e-002
 180.00 9.25564e-002
 190.00 9.78447e-002
 200.00 1.03026e-001
 210.00 1.08106e-001
 220.00 1.13092e-001
 230.00 1.17991e-001
 240.00 1.22809e-001
 250.00 1.27555e-001
 260.00 1.32233e-001
 270.00 1.36850e-001
 280.00 1.41411e-001
 290.00 1.45922e-001
 300.00 1.50386e-001
 310.00 1.54808e-001
 320.00 1.59192e-001
 330.00 1.63540e-001
 340.00 1.67855e-001
 350.00 1.72140e-001
 360.00 1.76398e-001
 370.00 1.80629e-001
 380.00 1.84835e-001
 390.00 1.89018e-001
 400.00 1.93179e-001
 410.00 1.97318e-001
 420.00 2.01437e-001
 430.00 2.05534e-001
 440.00 2.09612e-001
 450.00 2.13671e-001
 460.00 2.17709e-001
 470.00 2.21729e-001
 480.00 2.25728e-001
 490.00 2.29708e-001
 500.00 2.33668e-001
