-1.00 0.0
-0.99 3.64305630589e-05
-0.98 3.6404681711e-05
-0.97 3.63786685264e-05
-0.96 3.63526017339e-05
-0.95 3.63265049919e-05
-0.94 3.63003878776e-05
-0.93 3.62742549938e-05
-0.92 3.62481088191e-05
-0.91 3.62219507999e-05
-0.90 3.61957818313e-05
-0.89 3.61696024921e-05
-0.88 3.61434131688e-05
-0.87 3.61172141257e-05
-0.86 3.60910055459e-05
-0.85 3.6064787557e-05
-0.84 3.60385602475e-05
-0.83 3.60123236777e-05
-0.82 3.59860778868e-05
-0.81 3.59598228983e-05
-0.80 3.59335587236e-05
-0.79 3.59072853643e-05
-0.78 3.58810028143e-05
-0.77 3.58547110616e-05
-0.76 3.58284100886e-05
-0.75 3.58020998736e-05
-0.74 3.57757803912e-05
-0.73 3.57494516125e-05
-0.72 3.57231135061e-05
-0.71 3.56967660377e-05
-0.70 3.56704091709e-05
-0.69 3.5644042867e-05
-0.68 3.56176670854e-05
-0.67 3.55912817834e-05
-0.66 3.55648869167e-05
-0.65 3.55384824392e-05
-0.64 3.5512068303e-05
-0.63 3.54856444584e-05
-0.62 3.54592108545e-05
-0.61 3.54327674382e-05
-0.60 3.54063141551e-05
-0.59 3.5379850949e-05
-0.58 3.53533777621e-05
-0.57 3.5326894535e-05
-0.56 3.53004012063e-05
-0.55 3.52738977131e-05
-0.54 3.52473839907e-05
-0.53 3.52208599726e-05
-0.52 3.51943255902e-05
-0.51 3.51677807734e-05
-0.50 3.51412254499e-05
-0.49 3.51146595454e-05
-0.48 3.50880829836e-05
-0.47 3.50614956861e-05
-0.46 3.50348975723e-05
-0.45 3.50082885593e-05
-0.44 3.49816685619e-05
-0.43 3.49550374927e-05
-0.42 3.49283952615e-05
-0.41 3.49017417759e-05
-0.40 3.48750769404e-05
-0.39 3.48484006573e-05
-0.38 3.48217128257e-05
-0.37 3.47950133419e-05
-0.36 3.47683020992e-05
-0.35 3.47415789878e-05
-0.34 3.47148438946e-05
-0.33 3.46880967031e-05
-0.32 3.46613372933e-05
-0.31 3.46345655416e-05
-0.30 3.46077813209e-05
-0.29 3.45809844997e-05
-0.28 3.45541749428e-05
-0.27 3.45273525108e-05
-0.26 3.45005170598e-05
-0.25 3.44736684414e-05
-0.24 3.44468065024e-05
-0.23 3.44199310849e-05
-0.22 3.43930420256e-05
-0.21 3.43661391561e-05
-0.20 3.43392223024e-05
-0.19 3.43122912848e-05
-0.18 3.42853459173e-05
-0.17 3.42583860079e-05
-0.16 3.42314113581e-05
-0.15 3.42044217624e-05
-0.14 3.41774170082e-05
-0.13 3.41503968756e-05
-0.12 3.41233611369e-05
-0.11 3.40963095562e-05
-0.10 3.40692418893e-05
-0.09 3.4042157883e-05
-0.08 3.40150572748e-05
-0.07 3.39879397928e-05
-0.06 3.39608051546e-05
-0.05 3.39336530674e-05
-0.04 3.39064832272e-05
-0.03 3.38792953183e-05
-0.02 3.38520890129e-05
-0.01 3.38248639702e-05
0.00 3.3797619836e-05
0.01 3.3770356242e-05
0.02 3.3743072805e-05
0.03 3.3715769126e-05
0.04 3.368844479e-05
0.05 3.36610993643e-05
0.06 3.36337323981e-05
0.07 3.36063434216e-05
0.08 3.35789319446e-05
0.09 3.35514974557e-05
0.10 3.3524039421e-05
0.11 3.34965572828e-05
0.12 3.34690504584e-05
0.13 3.34415183386e-05
0.14 3.34139602862e-05
0.15 3.33863756341e-05
0.16 3.33587636842e-05
0.17 3.33311237047e-05
0.18 3.33034549288e-05
0.19 3.32757565521e-05
0.20 3.32480277304e-05
0.21 3.32202675773e-05
0.22 3.31924751613e-05
0.23 3.31646495033e-05
0.24 3.3136789573e-05
0.25 3.31088942859e-05
0.26 3.30809624993e-05
0.27 3.30529930087e-05
0.28 3.30249845437e-05
0.29 3.29969357628e-05
0.30 3.29688452487e-05
0.31 3.29407115031e-05
0.32 3.29125329405e-05
0.33 3.28843078816e-05
0.34 3.28560345469e-05
0.35 3.28277110485e-05
0.36 3.27993353817e-05
0.37 3.27709054164e-05
0.38 3.27424188866e-05
0.39 3.27138733795e-05
0.40 3.26852663235e-05
0.41 3.26565949748e-05
0.42 3.26278564028e-05
0.43 3.25990474739e-05
0.44 3.25701648336e-05
0.45 3.25412048868e-05
0.46 3.25121637756e-05
0.47 3.24830373548e-05
0.48 3.24538211649e-05
0.49 3.24245104017e-05
0.50 3.23950998821e-05
0.51 3.2365584006e-05
0.52 3.23359567137e-05
0.53 3.23062114376e-05
0.54 3.2276341048e-05
0.55 3.22463377914e-05
0.56 3.22161932206e-05
0.57 3.21858981161e-05
0.58 3.21554423947e-05
0.59 3.21248150067e-05
0.60 3.2094003817e-05
0.61 3.20629954682e-05
0.62 3.20317752232e-05
0.63 3.20003267818e-05
0.64 3.19686320683e-05
0.65 3.19366709824e-05
0.66 3.19044211082e-05
0.67 3.18718573702e-05
0.68 3.18389516272e-05
0.69 3.18056721888e-05
0.70 3.17719832376e-05
0.71 3.17378441349e-05
0.72 3.17032085811e-05
0.73 3.16680235944e-05
0.74 3.163222826e-05
0.75 3.1595752188e-05
0.76 3.1558513596e-05
0.77 3.15204169077e-05
0.78 3.14813497158e-05
0.79 3.14411789077e-05
0.80 3.13997456669e-05
0.81 3.13568589547e-05
0.82 3.1312286902e-05
0.83 3.12657452854e-05
0.84 3.1216881867e-05
0.85 3.11652547566e-05
0.86 3.11103019512e-05
0.87 3.10512975526e-05
0.88 3.09872873277e-05
0.89 3.09169912748e-05
0.90 3.08386516502e-05
0.91 3.07497871751e-05
0.92 3.064677812e-05
0.93 3.05241289477e-05
0.94 3.03730727883e-05
0.95 3.01787129114e-05
0.96 2.99135344501e-05
0.97 2.9520473375e-05
0.98 2.88588065502e-05
0.99 2.74635939162e-05
1.00 0.0
