-1.00 0.0
-0.99 0.546167454724
-0.98 0.545779441234
-0.97 0.545389451246
-0.96 0.544998657569
-0.95 0.544607414889
-0.94 0.544215866786
-0.93 0.543824082266
-0.92 0.54343209849
-0.91 0.543039937141
-0.90 0.542647611638
-0.89 0.542255130658
-0.88 0.541862499998
-0.87 0.541469723618
-0.86 0.541076804264
-0.85 0.540683743848
-0.84 0.540290543697
-0.83 0.539897204716
-0.82 0.539503727492
-0.81 0.539110112379
-0.80 0.538716359544
-0.79 0.538322469014
-0.78 0.537928440699
-0.77 0.537534274414
-0.76 0.5371399699
-0.75 0.536745526829
-0.74 0.536350944821
-0.73 0.535956223444
-0.72 0.535561362224
-0.71 0.535166360651
-0.70 0.534771218176
-0.69 0.53437593422
-0.68 0.533980508173
-0.67 0.533584939398
-0.66 0.533189227228
-0.65 0.532793370972
-0.64 0.532397369913
-0.63 0.532001223307
-0.62 0.531604930387
-0.61 0.531208490361
-0.60 0.530811902412
-0.59 0.530415165697
-0.58 0.53001827935
-0.57 0.529621242479
-0.56 0.529224054165
-0.55 0.528826713466
-0.54 0.52842921941
-0.53 0.528031571
-0.52 0.527633767209
-0.51 0.527235806986
-0.50 0.526837689245
-0.49 0.526439412874
-0.48 0.526040976729
-0.47 0.525642379634
-0.46 0.52524362038
-0.45 0.524844697727
-0.44 0.524445610395
-0.43 0.524046357074
-0.42 0.523646936413
-0.41 0.523247347024
-0.40 0.522847587479
-0.39 0.52244765631
-0.38 0.522047552007
-0.37 0.521647273014
-0.36 0.521246817731
-0.35 0.520846184513
-0.34 0.520445371662
-0.33 0.520044377434
-0.32 0.519643200029
-0.31 0.519241837596
-0.30 0.518840288224
-0.29 0.518438549948
-0.28 0.518036620738
-0.27 0.517634498503
-0.26 0.517232181088
-0.25 0.516829666266
-0.24 0.516426951743
-0.23 0.516024035149
-0.22 0.515620914037
-0.21 0.515217585884
-0.20 0.514814048078
-0.19 0.514410297926
-0.18 0.514006332641
-0.17 0.513602149345
-0.16 0.513197745059
-0.15 0.512793116704
-0.14 0.512388261093
-0.13 0.511983174929
-0.12 0.511577854798
-0.11 0.511172297164
-0.10 0.510766498364
-0.09 0.510360454605
-0.08 0.50995416195
-0.07 0.509547616322
-0.06 0.509140813489
-0.05 0.50873374906
-0.04 0.508326418477
-0.03 0.507918817009
-0.02 0.50751093974
-0.01 0.507102781561
0.00 0.506694337162
0.01 0.506285601021
0.02 0.505876567393
0.03 0.505467230299
0.04 0.505057583513
0.05 0.50464762055
0.06 0.504237334653
0.07 0.503826718777
0.08 0.503415765573
0.09 0.503004467374
0.10 0.502592816176
0.11 0.502180803618
0.12 0.501768420964
0.13 0.501355659082
0.14 0.500942508416
0.15 0.500528958969
0.16 0.500115000272
0.17 0.499700621356
0.18 0.499285810723
0.19 0.498870556315
0.20 0.498454845475
0.21 0.498038664914
0.22 0.497622000668
0.23 0.497204838058
0.24 0.496787161636
0.25 0.496368955143
0.26 0.495950201451
0.27 0.495530882501
0.28 0.495110979245
0.29 0.494690471572
0.30 0.494269338236
0.31 0.493847556772
0.32 0.49342510341
0.33 0.493001952976
0.34 0.492578078791
0.35 0.492153452549
0.36 0.4917280442
0.37 0.491301821807
0.38 0.490874751397
0.39 0.4904467968
0.40 0.49001791946
0.41 0.489588078243
0.42 0.489157229214
0.43 0.488725325393
0.44 0.488292316491
0.45 0.487858148609
0.46 0.487422763908
0.47 0.486986100245
0.48 0.486548090763
0.49 0.486108663436
0.50 0.485667740559
0.51 0.485225238177
0.52 0.484781065442
0.53 0.484335123894
0.54 0.483887306641
0.55 0.483437497444
0.56 0.482985569664
0.57 0.48253138508
0.58 0.482074792526
0.59 0.481615626344
0.60 0.481153704604
0.61 0.480688827053
0.62 0.480220772751
0.63 0.479749297327
0.64 0.479274129788
0.65 0.478794968791
0.66 0.478311478276
0.67 0.477823282311
0.68 0.477329959002
0.69 0.476831033247
0.70 0.476325968071
0.71 0.475814154219
0.72 0.475294897565
0.73 0.474767403806
0.74 0.474230759708
0.75 0.473683909983
0.76 0.473125628548
0.77 0.472554482522
0.78 0.471968786696
0.79 0.471366545441
0.80 0.470745377779
0.81 0.470102419656
0.82 0.469434194888
0.83 0.468736442393
0.84 0.468003881416
0.85 0.467229887133
0.86 0.466406033992
0.87 0.465521439314
0.88 0.464561797225
0.89 0.463507917926
0.90 0.462333449298
0.91 0.461001191982
0.92 0.459456878945
0.93 0.457618121029
0.94 0.455353485208
0.95 0.452439639514
0.96 0.448464080723
0.97 0.442571304193
0.98 0.432651586922
0.99 0.411734541751
1.00 0.0
