-1.00 0.556144467062
-0.99 0.555462652479
-0.98 0.555061942588
-0.97 0.554660666204
-0.96 0.554258806763
-0.95 0.553856348398
-0.94 0.553453275848
-0.93 0.553049574352
-0.92 0.55264522959
-0.91 0.552240227599
-0.90 0.551834554728
-0.89 0.551428197563
-0.88 0.551021142913
-0.87 0.550613377735
-0.86 0.550204889124
-0.85 0.549795664263
-0.84 0.549385690393
-0.83 0.548974954803
-0.82 0.548563444786
-0.81 0.548151147622
-0.80 0.547738050566
-0.79 0.547324140815
-0.78 0.546909405504
-0.77 0.54649383168
-0.76 0.54607740629
-0.75 0.545660116163
-0.74 0.545241948004
-0.73 0.544822888376
-0.72 0.54440292368
-0.71 0.54398204016
-0.70 0.543560223876
-0.69 0.543137460702
-0.68 0.542713736308
-0.67 0.542289036154
-0.66 0.541863345477
-0.65 0.541436649285
-0.64 0.54100893234
-0.63 0.540580179155
-0.62 0.540150373972
-0.61 0.539719500765
-0.60 0.539287543224
-0.59 0.538854484745
-0.58 0.538420308417
-0.57 0.537984997013
-0.56 0.537548532982
-0.55 0.537110898437
-0.54 0.53667207514
-0.53 0.536232044498
-0.52 0.535790787542
-0.51 0.535348284925
-0.50 0.534904516903
-0.49 0.534459463329
-0.48 0.534013103633
-0.47 0.533565416815
-0.46 0.53311638143
-0.45 0.532665975572
-0.44 0.532214176866
-0.43 0.53176096245
-0.42 0.531306308954
-0.41 0.5308501925
-0.40 0.530392588673
-0.39 0.529933472508
-0.38 0.529472818477
-0.37 0.529010600469
-0.36 0.528546791774
-0.35 0.528081365057
-0.34 0.527614292356
-0.33 0.527145545039
-0.32 0.526675093812
-0.31 0.526202908667
-0.30 0.525728958886
-0.29 0.525253213003
-0.28 0.524775638792
-0.27 0.524296203227
-0.26 0.523814872476
-0.25 0.523331611859
-0.24 0.522846385838
-0.23 0.522359157966
-0.22 0.521869890882
-0.21 0.521378546261
-0.20 0.520885084801
-0.19 0.520389466177
-0.18 0.519891649006
-0.17 0.519391590831
-0.16 0.518889248057
-0.15 0.518384575936
-0.14 0.517877528521
-0.13 0.517368058617
-0.12 0.516856117749
-0.11 0.516341656111
-0.10 0.515824622522
-0.09 0.515304964381
-0.08 0.514782627608
-0.07 0.514257556607
-0.06 0.513729694194
-0.05 0.513198981549
-0.04 0.512665358165
-0.03 0.512128761767
-0.02 0.511589128264
-0.01 0.511046391673
0.00 0.510500484051
0.01 0.509951335423
0.02 0.509398873701
0.03 0.50884302461
0.04 0.508283711602
0.05 0.507720855761
0.06 0.50715437572
0.07 0.506584187557
0.08 0.506010204701
0.09 0.50543233783
0.10 0.504850494743
0.11 0.504264580256
0.12 0.503674496085
0.13 0.503080140711
0.14 0.502481409234
0.15 0.50187819326
0.16 0.501270380735
0.17 0.500657855778
0.18 0.500040498552
0.19 0.49941818505
0.20 0.498790786949
0.21 0.498158171403
0.22 0.497520200839
0.23 0.496876732748
0.24 0.496227619478
0.25 0.495572707975
0.26 0.494911839543
0.27 0.494244849586
0.28 0.493571567328
0.29 0.492891815528
0.30 0.492205410148
0.31 0.491512160057
0.32 0.490811866661
0.33 0.490104323543
0.34 0.489389316076
0.35 0.488666621012
0.36 0.487936006041
0.37 0.487197229327
0.38 0.486450039018
0.39 0.48569417273
0.40 0.484929356963
0.41 0.484155306545
0.42 0.483371723975
0.43 0.482578298754
0.44 0.481774706689
0.45 0.480960609103
0.46 0.480135652025
0.47 0.479299465339
0.48 0.47845166182
0.49 0.477591836164
0.50 0.476719563905
0.51 0.475834400275
0.52 0.474935878986
0.53 0.474023510897
0.54 0.473096782611
0.55 0.472155154957
0.56 0.471198061338
0.57 0.470224905997
0.58 0.469235062086
0.59 0.468227869639
0.60 0.46720263335
0.61 0.466158620185
0.62 0.465095056771
0.63 0.464011126642
0.64 0.462905967136
0.65 0.461778666136
0.66 0.460628258448
0.67 0.459453721937
0.68 0.458253973216
0.69 0.457027863073
0.70 0.455774171328
0.71 0.454491601362
0.72 0.453178773988
0.73 0.451834220844
0.74 0.450456377068
0.75 0.449043573238
0.76 0.447594026602
0.77 0.44610583123
0.78 0.444576947322
0.79 0.44300518923
0.80 0.441388212257
0.81 0.439723498027
0.82 0.438008338114
0.83 0.43623981592
0.84 0.434414786351
0.85 0.432529853139
0.86 0.430581343421
0.87 0.42856527915
0.88 0.426477344957
0.89 0.424312851899
0.90 0.42206669643
0.91 0.419733313918
0.92 0.417306625922
0.93 0.414779979898
0.94 0.412146080687
0.95 0.409396911722
0.96 0.406523644722
0.97 0.403516535692
0.98 0.400364804783
0.99 0.397056497001
1.00 -0.000395800553788
