-1.00 1.70307125263e-06
-0.99 1.70098334403e-06
-0.98 1.6997562573e-06
-0.97 1.69852743581e-06
-0.96 1.69729682883e-06
-0.95 1.69606438778e-06
-0.94 1.69483006592e-06
-0.93 1.69359381805e-06
-0.92 1.69235560032e-06
-0.91 1.69111536997e-06
-0.90 1.68987308519e-06
-0.89 1.68862870491e-06
-0.88 1.68738218874e-06
-0.87 1.68613349673e-06
-0.86 1.68488258937e-06
-0.85 1.68362942739e-06
-0.84 1.68237397175e-06
-0.83 1.6811161835e-06
-0.82 1.67985602373e-06
-0.81 1.6785934535e-06
-0.80 1.67732843378e-06
-0.79 1.67606092535e-06
-0.78 1.67479088883e-06
-0.77 1.67351828454e-06
-0.76 1.67224307252e-06
-0.75 1.67096521243e-06
-0.74 1.66968466356e-06
-0.73 1.66840138475e-06
-0.72 1.66711533438e-06
-0.71 1.6658264703e-06
-0.70 1.66453474984e-06
-0.69 1.66324012974e-06
-0.68 1.66194256611e-06
-0.67 1.66064201442e-06
-0.66 1.65933842948e-06
-0.65 1.65803176536e-06
-0.64 1.65672197541e-06
-0.63 1.6554090122e-06
-0.62 1.65409282748e-06
-0.61 1.65277337217e-06
-0.60 1.65145059632e-06
-0.59 1.65012444908e-06
-0.58 1.64879487868e-06
-0.57 1.64746183236e-06
-0.56 1.64612525636e-06
-0.55 1.64478509592e-06
-0.54 1.64344129519e-06
-0.53 1.64209379723e-06
-0.52 1.64074254395e-06
-0.51 1.6393874761e-06
-0.50 1.63802853322e-06
-0.49 1.63666565362e-06
-0.48 1.63529877431e-06
-0.47 1.63392783098e-06
-0.46 1.63255275795e-06
-0.45 1.63117348815e-06
-0.44 1.62978995305e-06
-0.43 1.62840208265e-06
-0.42 1.62700980539e-06
-0.41 1.62561304813e-06
-0.40 1.62421173612e-06
-0.39 1.6228057929e-06
-0.38 1.6213951403e-06
-0.37 1.61997969836e-06
-0.36 1.61855938529e-06
-0.35 1.61713411738e-06
-0.34 1.61570380901e-06
-0.33 1.61426837248e-06
-0.32 1.61282771811e-06
-0.31 1.61138175398e-06
-0.30 1.60993038605e-06
-0.29 1.60847351794e-06
-0.28 1.60701105098e-06
-0.27 1.60554288402e-06
-0.26 1.60406891347e-06
-0.25 1.60258903313e-06
-0.24 1.60110313417e-06
-0.23 1.59961110497e-06
-0.22 1.59811283113e-06
-0.21 1.59660819529e-06
-0.20 1.59509707709e-06
-0.19 1.59357935304e-06
-0.18 1.59205489643e-06
-0.17 1.59052357722e-06
-0.16 1.58898526193e-06
-0.15 1.58743981352e-06
-0.14 1.5858870913e-06
-0.13 1.58432695072e-06
-0.12 1.58275924336e-06
-0.11 1.58118381669e-06
-0.10 1.57960051398e-06
-0.09 1.57800917415e-06
-0.08 1.57640963159e-06
-0.07 1.57480171606e-06
-0.06 1.57318525244e-06
-0.05 1.5715600606e-06
-0.04 1.56992595525e-06
-0.03 1.5682827457e-06
-0.02 1.56663023568e-06
-0.01 1.56496822313e-06
0.00 1.56329649998e-06
0.01 1.56161485196e-06
0.02 1.55992305831e-06
0.03 1.55822089159e-06
0.04 1.55650811737e-06
0.05 1.55478449399e-06
0.06 1.5530497723e-06
0.07 1.55130369529e-06
0.08 1.54954599786e-06
0.09 1.54777640647e-06
0.10 1.5459946388e-06
0.11 1.54420040334e-06
0.12 1.54239339914e-06
0.13 1.54057331531e-06
0.14 1.53873983062e-06
0.15 1.53689261314e-06
0.16 1.53503131971e-06
0.17 1.53315559549e-06
0.18 1.53126507351e-06
0.19 1.529359374e-06
0.20 1.52743810402e-06
0.21 1.52550085675e-06
0.22 1.5235472109e-06
0.23 1.52157673008e-06
0.24 1.51958896213e-06
0.25 1.51758343835e-06
0.26 1.51555967277e-06
0.27 1.51351716136e-06
0.28 1.51145538114e-06
0.29 1.50937378936e-06
0.30 1.50727182245e-06
0.31 1.5051488951e-06
0.32 1.50300439916e-06
0.33 1.50083770253e-06
0.34 1.49864814795e-06
0.35 1.49643505178e-06
0.36 1.49419770263e-06
0.37 1.49193535991e-06
0.38 1.48964725239e-06
0.39 1.48733257658e-06
0.40 1.48499049494e-06
0.41 1.48262013419e-06
0.42 1.48022058331e-06
0.43 1.47779089145e-06
0.44 1.47533006584e-06
0.45 1.47283706937e-06
0.46 1.47031081806e-06
0.47 1.46775017853e-06
0.48 1.46515396498e-06
0.49 1.46252093626e-06
0.50 1.45984979252e-06
0.51 1.45713917178e-06
0.52 1.4543876461e-06
0.53 1.45159371763e-06
0.54 1.44875581417e-06
0.55 1.44587228465e-06
0.56 1.44294139399e-06
0.57 1.4399613178e-06
0.58 1.43693013649e-06
0.59 1.43384582908e-06
0.60 1.43070626633e-06
0.61 1.42750920349e-06
0.62 1.42425227228e-06
0.63 1.42093297243e-06
0.64 1.41754866225e-06
0.65 1.41409654856e-06
0.66 1.41057367568e-06
0.67 1.40697691353e-06
0.68 1.40330294449e-06
0.69 1.39954824933e-06
0.70 1.39570909153e-06
0.71 1.39178150046e-06
0.72 1.38776125268e-06
0.73 1.38364385164e-06
0.74 1.37942450529e-06
0.75 1.3750981014e-06
0.76 1.37065918067e-06
0.77 1.3661019066e-06
0.78 1.36142003276e-06
0.79 1.35660686607e-06
0.80 1.35165522641e-06
0.81 1.34655740181e-06
0.82 1.34130509829e-06
0.83 1.33588938441e-06
0.84 1.33030062901e-06
0.85 1.32452843176e-06
0.86 1.3185615453e-06
0.87 1.31238778775e-06
0.88 1.30599394422e-06
0.89 1.29936565585e-06
0.90 1.29248729414e-06
0.91 1.28534181861e-06
0.92 1.27791061538e-06
0.93 1.27017331245e-06
0.94 1.26210757002e-06
0.95 1.25368883908e-06
0.96 1.24489008494e-06
0.97 1.23568146875e-06
0.98 1.22602997957e-06
0.99 1.21589900784e-06
1.00 -1.2120529554e-09
