# Survival probability for electron (anti)neutrino of the given energy
1.800000 0.929655
1.810000 0.930178
1.820000 0.930697
1.830000 0.931213
1.840000 0.931724
1.850000 0.932232
1.860000 0.932735
1.870000 0.933235
1.880000 0.933731
1.890000 0.934223
1.900000 0.934711
1.910000 0.935195
1.920000 0.935675
1.930000 0.936152
1.940000 0.936624
1.950000 0.937092
1.960000 0.937557
1.970000 0.938017
1.980000 0.938474
1.990000 0.938927
2.000000 0.939376
2.010000 0.939821
2.020000 0.940262
2.030000 0.940700
2.040000 0.941133
2.050000 0.941563
2.060000 0.941989
2.070000 0.942412
2.080000 0.942830
2.090000 0.943245
2.100000 0.943656
2.110000 0.944064
2.120000 0.944468
2.130000 0.944868
2.140000 0.945265
2.150000 0.945658
2.160000 0.946048
2.170000 0.946434
2.180000 0.946817
2.190000 0.947196
2.200000 0.947572
2.210000 0.947945
2.220000 0.948314
2.230000 0.948679
2.240000 0.949042
2.250000 0.949401
2.260000 0.949757
2.270000 0.950109
2.280000 0.950459
2.290000 0.950805
2.300000 0.951148
2.310000 0.951488
2.320000 0.951825
2.330000 0.952159
2.340000 0.952490
2.350000 0.952818
2.360000 0.953142
2.370000 0.953464
2.380000 0.953783
2.390000 0.954099
2.400000 0.954412
2.410000 0.954723
2.420000 0.955030
2.430000 0.955335
2.440000 0.955637
2.450000 0.955936
2.460000 0.956233
2.470000 0.956526
2.480000 0.956818
2.490000 0.957106
2.500000 0.957392
2.510000 0.957676
2.520000 0.957956
2.530000 0.958235
2.540000 0.958511
2.550000 0.958784
2.560000 0.959055
2.570000 0.959323
2.580000 0.959589
2.590000 0.959853
2.600000 0.960114
2.610000 0.960373
2.620000 0.960630
2.630000 0.960884
2.640000 0.961137
2.650000 0.961387
2.660000 0.961634
2.670000 0.961880
2.680000 0.962123
2.690000 0.962364
2.700000 0.962603
2.710000 0.962840
2.720000 0.963075
2.730000 0.963308
2.740000 0.963539
2.750000 0.963768
2.760000 0.963995
2.770000 0.964220
2.780000 0.964442
2.790000 0.964663
2.800000 0.964883
2.810000 0.965100
2.820000 0.965315
2.830000 0.965528
2.840000 0.965740
2.850000 0.965950
2.860000 0.966158
2.870000 0.966364
2.880000 0.966568
2.890000 0.966771
2.900000 0.966972
2.910000 0.967171
2.920000 0.967369
2.930000 0.967565
2.940000 0.967759
2.950000 0.967952
2.960000 0.968143
2.970000 0.968332
2.980000 0.968520
2.990000 0.968706
3.000000 0.968891
3.010000 0.969074
3.020000 0.969255
3.030000 0.969435
3.040000 0.969614
3.050000 0.969791
3.060000 0.969967
3.070000 0.970141
3.080000 0.970314
3.090000 0.970485
3.100000 0.970655
3.110000 0.970824
3.120000 0.970991
3.130000 0.971157
3.140000 0.971321
3.150000 0.971484
3.160000 0.971646
3.170000 0.971807
3.180000 0.971966
3.190000 0.972124
3.200000 0.972281
3.210000 0.972436
3.220000 0.972590
3.230000 0.972743
3.240000 0.972895
3.250000 0.973045
3.260000 0.973195
3.270000 0.973343
3.280000 0.973490
3.290000 0.973636
3.300000 0.973780
3.310000 0.973924
3.320000 0.974066
3.330000 0.974207
3.340000 0.974348
3.350000 0.974487
3.360000 0.974625
3.370000 0.974762
3.380000 0.974897
3.390000 0.975032
3.400000 0.975166
3.410000 0.975299
3.420000 0.975431
3.430000 0.975561
3.440000 0.975691
3.450000 0.975820
3.460000 0.975947
3.470000 0.976074
3.480000 0.976200
3.490000 0.976325
3.500000 0.976449
3.510000 0.976572
3.520000 0.976694
3.530000 0.976815
3.540000 0.976935
3.550000 0.977054
3.560000 0.977173
3.570000 0.977290
3.580000 0.977407
3.590000 0.977523
3.600000 0.977638
3.610000 0.977752
3.620000 0.977865
3.630000 0.977978
3.640000 0.978089
3.650000 0.978200
3.660000 0.978310
3.670000 0.978419
3.680000 0.978528
3.690000 0.978635
3.700000 0.978742
3.710000 0.978848
3.720000 0.978953
3.730000 0.979058
3.740000 0.979162
3.750000 0.979265
3.760000 0.979367
3.770000 0.979468
3.780000 0.979569
3.790000 0.979669
3.800000 0.979769
3.810000 0.979867
3.820000 0.979965
3.830000 0.980063
3.840000 0.980159
3.850000 0.980255
3.860000 0.980350
3.870000 0.980445
3.880000 0.980539
3.890000 0.980632
3.900000 0.980725
3.910000 0.980817
3.920000 0.980908
3.930000 0.980999
3.940000 0.981089
3.950000 0.981178
3.960000 0.981267
3.970000 0.981355
3.980000 0.981443
3.990000 0.981530
4.000000 0.981616
4.010000 0.981702
4.020000 0.981787
4.030000 0.981872
4.040000 0.981956
4.050000 0.982040
4.060000 0.982122
4.070000 0.982205
4.080000 0.982287
4.090000 0.982368
4.100000 0.982449
4.110000 0.982529
4.120000 0.982609
4.130000 0.982688
4.140000 0.982766
4.150000 0.982844
4.160000 0.982922
4.170000 0.982999
4.180000 0.983076
4.190000 0.983152
4.200000 0.983227
4.210000 0.983302
4.220000 0.983377
4.230000 0.983451
4.240000 0.983525
4.250000 0.983598
4.260000 0.983670
4.270000 0.983743
4.280000 0.983814
4.290000 0.983885
4.300000 0.983956
4.310000 0.984027
4.320000 0.984096
4.330000 0.984166
4.340000 0.984235
4.350000 0.984303
4.360000 0.984372
4.370000 0.984439
4.380000 0.984506
4.390000 0.984573
4.400000 0.984640
4.410000 0.984706
4.420000 0.984771
4.430000 0.984836
4.440000 0.984901
4.450000 0.984965
4.460000 0.985029
4.470000 0.985093
4.480000 0.985156
4.490000 0.985219
4.500000 0.985281
4.510000 0.985343
4.520000 0.985405
4.530000 0.985466
4.540000 0.985527
4.550000 0.985587
4.560000 0.985647
4.570000 0.985707
4.580000 0.985766
4.590000 0.985825
4.600000 0.985884
4.610000 0.985942
4.620000 0.986000
4.630000 0.986058
4.640000 0.986115
4.650000 0.986172
4.660000 0.986228
4.670000 0.986285
4.680000 0.986340
4.690000 0.986396
4.700000 0.986451
4.710000 0.986506
4.720000 0.986561
4.730000 0.986615
4.740000 0.986669
4.750000 0.986722
4.760000 0.986776
4.770000 0.986828
4.780000 0.986881
4.790000 0.986933
4.800000 0.986985
4.810000 0.987037
4.820000 0.987089
4.830000 0.987140
4.840000 0.987190
4.850000 0.987241
4.860000 0.987291
4.870000 0.987341
4.880000 0.987391
4.890000 0.987440
4.900000 0.987489
4.910000 0.987538
4.920000 0.987586
4.930000 0.987635
4.940000 0.987683
4.950000 0.987730
4.960000 0.987778
4.970000 0.987825
4.980000 0.987872
4.990000 0.987918
5.000000 0.987965
5.010000 0.988011
5.020000 0.988057
5.030000 0.988102
5.040000 0.988147
5.050000 0.988192
5.060000 0.988237
5.070000 0.988282
5.080000 0.988326
5.090000 0.988370
5.100000 0.988414
5.110000 0.988457
5.120000 0.988501
5.130000 0.988544
5.140000 0.988587
5.150000 0.988629
5.160000 0.988672
5.170000 0.988714
5.180000 0.988756
5.190000 0.988797
5.200000 0.988839
5.210000 0.988880
5.220000 0.988921
5.230000 0.988962
5.240000 0.989002
5.250000 0.989043
5.260000 0.989083
5.270000 0.989123
5.280000 0.989162
5.290000 0.989202
5.300000 0.989241
5.310000 0.989280
5.320000 0.989319
5.330000 0.989358
5.340000 0.989396
5.350000 0.989434
5.360000 0.989472
5.370000 0.989510
5.380000 0.989548
5.390000 0.989585
5.400000 0.989622
5.410000 0.989659
5.420000 0.989696
5.430000 0.989733
5.440000 0.989769
5.450000 0.989805
5.460000 0.989841
5.470000 0.989877
5.480000 0.989913
5.490000 0.989949
5.500000 0.989984
5.510000 0.990019
5.520000 0.990054
5.530000 0.990089
5.540000 0.990123
5.550000 0.990158
5.560000 0.990192
5.570000 0.990226
5.580000 0.990260
5.590000 0.990293
5.600000 0.990327
5.610000 0.990360
5.620000 0.990394
5.630000 0.990427
5.640000 0.990459
5.650000 0.990492
5.660000 0.990525
5.670000 0.990557
5.680000 0.990589
5.690000 0.990621
5.700000 0.990653
5.710000 0.990685
5.720000 0.990716
5.730000 0.990748
5.740000 0.990779
5.750000 0.990810
5.760000 0.990841
5.770000 0.990872
5.780000 0.990902
5.790000 0.990933
5.800000 0.990963
5.810000 0.990993
5.820000 0.991023
5.830000 0.991053
5.840000 0.991083
5.850000 0.991112
5.860000 0.991142
5.870000 0.991171
5.880000 0.991200
5.890000 0.991229
5.900000 0.991258
5.910000 0.991287
5.920000 0.991315
5.930000 0.991344
5.940000 0.991372
5.950000 0.991400
5.960000 0.991428
5.970000 0.991456
5.980000 0.991484
5.990000 0.991511
6.000000 0.991539
6.010000 0.991566
6.020000 0.991594
6.030000 0.991621
6.040000 0.991648
6.050000 0.991674
6.060000 0.991701
6.070000 0.991728
6.080000 0.991754
6.090000 0.991780
6.100000 0.991807
6.110000 0.991833
6.120000 0.991859
6.130000 0.991885
6.140000 0.991910
6.150000 0.991936
6.160000 0.991961
6.170000 0.991987
6.180000 0.992012
6.190000 0.992037
6.200000 0.992062
6.210000 0.992087
6.220000 0.992112
6.230000 0.992136
6.240000 0.992161
6.250000 0.992185
6.260000 0.992210
6.270000 0.992234
6.280000 0.992258
6.290000 0.992282
6.300000 0.992306
6.310000 0.992329
6.320000 0.992353
6.330000 0.992377
6.340000 0.992400
6.350000 0.992423
6.360000 0.992447
6.370000 0.992470
6.380000 0.992493
6.390000 0.992516
6.400000 0.992538
6.410000 0.992561
6.420000 0.992584
6.430000 0.992606
6.440000 0.992629
6.450000 0.992651
6.460000 0.992673
6.470000 0.992695
6.480000 0.992717
6.490000 0.992739
6.500000 0.992761
6.510000 0.992783
6.520000 0.992804
6.530000 0.992826
6.540000 0.992847
6.550000 0.992868
6.560000 0.992890
6.570000 0.992911
6.580000 0.992932
6.590000 0.992953
6.600000 0.992974
6.610000 0.992994
6.620000 0.993015
6.630000 0.993036
6.640000 0.993056
6.650000 0.993076
6.660000 0.993097
6.670000 0.993117
6.680000 0.993137
6.690000 0.993157
6.700000 0.993177
6.710000 0.993197
6.720000 0.993217
6.730000 0.993236
6.740000 0.993256
6.750000 0.993276
6.760000 0.993295
6.770000 0.993314
6.780000 0.993334
6.790000 0.993353
6.800000 0.993372
6.810000 0.993391
6.820000 0.993410
6.830000 0.993429
6.840000 0.993448
6.850000 0.993466
6.860000 0.993485
6.870000 0.993503
6.880000 0.993522
6.890000 0.993540
6.900000 0.993559
6.910000 0.993577
6.920000 0.993595
6.930000 0.993613
6.940000 0.993631
6.950000 0.993649
6.960000 0.993667
6.970000 0.993685
6.980000 0.993702
6.990000 0.993720
7.000000 0.993738
7.010000 0.993755
7.020000 0.993773
7.030000 0.993790
7.040000 0.993807
7.050000 0.993824
7.060000 0.993842
7.070000 0.993859
7.080000 0.993876
7.090000 0.993892
7.100000 0.993909
7.110000 0.993926
7.120000 0.993943
7.130000 0.993959
7.140000 0.993976
7.150000 0.993993
7.160000 0.994009
7.170000 0.994025
7.180000 0.994042
7.190000 0.994058
7.200000 0.994074
7.210000 0.994090
7.220000 0.994106
7.230000 0.994122
7.240000 0.994138
7.250000 0.994154
7.260000 0.994170
7.270000 0.994186
7.280000 0.994201
7.290000 0.994217
7.300000 0.994232
7.310000 0.994248
7.320000 0.994263
7.330000 0.994279
7.340000 0.994294
7.350000 0.994309
7.360000 0.994324
7.370000 0.994339
7.380000 0.994354
7.390000 0.994369
7.400000 0.994384
7.410000 0.994399
7.420000 0.994414
7.430000 0.994429
7.440000 0.994443
7.450000 0.994458
7.460000 0.994473
7.470000 0.994487
7.480000 0.994502
7.490000 0.994516
7.500000 0.994530
7.510000 0.994545
7.520000 0.994559
7.530000 0.994573
7.540000 0.994587
7.550000 0.994601
7.560000 0.994615
7.570000 0.994629
7.580000 0.994643
7.590000 0.994657
7.600000 0.994671
7.610000 0.994685
7.620000 0.994698
7.630000 0.994712
7.640000 0.994726
7.650000 0.994739
7.660000 0.994753
7.670000 0.994766
7.680000 0.994779
7.690000 0.994793
7.700000 0.994806
7.710000 0.994819
7.720000 0.994833
7.730000 0.994846
7.740000 0.994859
7.750000 0.994872
7.760000 0.994885
7.770000 0.994898
7.780000 0.994911
7.790000 0.994923
7.800000 0.994936
7.810000 0.994949
7.820000 0.994962
7.830000 0.994974
7.840000 0.994987
7.850000 0.995000
7.860000 0.995012
7.870000 0.995025
7.880000 0.995037
7.890000 0.995049
7.900000 0.995062
7.910000 0.995074
7.920000 0.995086
7.930000 0.995098
7.940000 0.995110
7.950000 0.995123
7.960000 0.995135
7.970000 0.995147
7.980000 0.995159
7.990000 0.995171
8.000000 0.995182
8.010000 0.995194
8.020000 0.995206
8.030000 0.995218
8.040000 0.995229
8.050000 0.995241
8.060000 0.995253
8.070000 0.995264
8.080000 0.995276
8.090000 0.995287
8.100000 0.995299
8.110000 0.995310
8.120000 0.995322
8.130000 0.995333
8.140000 0.995344
8.150000 0.995355
8.160000 0.995367
8.170000 0.995378
8.180000 0.995389
8.190000 0.995400
8.200000 0.995411
8.210000 0.995422
8.220000 0.995433
8.230000 0.995444
8.240000 0.995455
8.250000 0.995466
8.260000 0.995477
8.270000 0.995487
8.280000 0.995498
8.290000 0.995509
8.300000 0.995519
8.310000 0.995530
8.320000 0.995541
8.330000 0.995551
8.340000 0.995562
8.350000 0.995572
8.360000 0.995583
8.370000 0.995593
8.380000 0.995603
8.390000 0.995614
8.400000 0.995624
8.410000 0.995634
8.420000 0.995644
8.430000 0.995655
8.440000 0.995665
8.450000 0.995675
8.460000 0.995685
8.470000 0.995695
8.480000 0.995705
8.490000 0.995715
8.500000 0.995725
8.510000 0.995735
8.520000 0.995745
8.530000 0.995754
8.540000 0.995764
8.550000 0.995774
8.560000 0.995784
8.570000 0.995793
8.580000 0.995803
8.590000 0.995813
8.600000 0.995822
8.610000 0.995832
8.620000 0.995841
8.630000 0.995851
8.640000 0.995860
8.650000 0.995870
8.660000 0.995879
8.670000 0.995889
8.680000 0.995898
8.690000 0.995907
8.700000 0.995917
8.710000 0.995926
8.720000 0.995935
8.730000 0.995944
8.740000 0.995953
8.750000 0.995963
8.760000 0.995972
8.770000 0.995981
8.780000 0.995990
8.790000 0.995999
8.800000 0.996008
8.810000 0.996017
8.820000 0.996026
8.830000 0.996034
8.840000 0.996043
8.850000 0.996052
8.860000 0.996061
8.870000 0.996070
8.880000 0.996078
8.890000 0.996087
8.900000 0.996096
8.910000 0.996104
8.920000 0.996113
8.930000 0.996122
8.940000 0.996130
8.950000 0.996139
8.960000 0.996147
8.970000 0.996156
8.980000 0.996164
8.990000 0.996173
9.000000 0.996181
9.010000 0.996189
9.020000 0.996198
9.030000 0.996206
9.040000 0.996214
9.050000 0.996223
9.060000 0.996231
9.070000 0.996239
9.080000 0.996247
9.090000 0.996255
9.100000 0.996263
9.110000 0.996272
9.120000 0.996280
9.130000 0.996288
9.140000 0.996296
9.150000 0.996304
9.160000 0.996312
9.170000 0.996320
9.180000 0.996328
9.190000 0.996335
9.200000 0.996343
9.210000 0.996351
9.220000 0.996359
9.230000 0.996367
9.240000 0.996375
9.250000 0.996382
