# Survival probability for electron (anti)neutrino of the given energy
1.800000 0.956864
1.810000 0.957211
1.820000 0.957555
1.830000 0.957896
1.840000 0.958233
1.850000 0.958568
1.860000 0.958899
1.870000 0.959227
1.880000 0.959552
1.890000 0.959874
1.900000 0.960192
1.910000 0.960508
1.920000 0.960821
1.930000 0.961130
1.940000 0.961437
1.950000 0.961740
1.960000 0.962041
1.970000 0.962339
1.980000 0.962633
1.990000 0.962925
2.000000 0.963214
2.010000 0.963500
2.020000 0.963784
2.030000 0.964064
2.040000 0.964342
2.050000 0.964617
2.060000 0.964889
2.070000 0.965159
2.080000 0.965426
2.090000 0.965690
2.100000 0.965951
2.110000 0.966210
2.120000 0.966467
2.130000 0.966721
2.140000 0.966972
2.150000 0.967221
2.160000 0.967468
2.170000 0.967712
2.180000 0.967953
2.190000 0.968192
2.200000 0.968429
2.210000 0.968664
2.220000 0.968896
2.230000 0.969126
2.240000 0.969353
2.250000 0.969578
2.260000 0.969802
2.270000 0.970022
2.280000 0.970241
2.290000 0.970458
2.300000 0.970672
2.310000 0.970884
2.320000 0.971095
2.330000 0.971303
2.340000 0.971509
2.350000 0.971713
2.360000 0.971915
2.370000 0.972116
2.380000 0.972314
2.390000 0.972510
2.400000 0.972704
2.410000 0.972897
2.420000 0.973088
2.430000 0.973276
2.440000 0.973463
2.450000 0.973649
2.460000 0.973832
2.470000 0.974014
2.480000 0.974193
2.490000 0.974372
2.500000 0.974548
2.510000 0.974723
2.520000 0.974896
2.530000 0.975067
2.540000 0.975237
2.550000 0.975406
2.560000 0.975572
2.570000 0.975737
2.580000 0.975901
2.590000 0.976063
2.600000 0.976223
2.610000 0.976382
2.620000 0.976540
2.630000 0.976696
2.640000 0.976850
2.650000 0.977003
2.660000 0.977155
2.670000 0.977305
2.680000 0.977454
2.690000 0.977602
2.700000 0.977748
2.710000 0.977893
2.720000 0.978036
2.730000 0.978178
2.740000 0.978319
2.750000 0.978459
2.760000 0.978597
2.770000 0.978734
2.780000 0.978870
2.790000 0.979004
2.800000 0.979138
2.810000 0.979270
2.820000 0.979401
2.830000 0.979531
2.840000 0.979659
2.850000 0.979787
2.860000 0.979913
2.870000 0.980039
2.880000 0.980163
2.890000 0.980286
2.900000 0.980408
2.910000 0.980529
2.920000 0.980648
2.930000 0.980767
2.940000 0.980885
2.950000 0.981002
2.960000 0.981117
2.970000 0.981232
2.980000 0.981346
2.990000 0.981458
3.000000 0.981570
3.010000 0.981681
3.020000 0.981791
3.030000 0.981899
3.040000 0.982007
3.050000 0.982114
3.060000 0.982220
3.070000 0.982326
3.080000 0.982430
3.090000 0.982533
3.100000 0.982636
3.110000 0.982738
3.120000 0.982838
3.130000 0.982938
3.140000 0.983037
3.150000 0.983136
3.160000 0.983233
3.170000 0.983330
3.180000 0.983426
3.190000 0.983521
3.200000 0.983615
3.210000 0.983709
3.220000 0.983801
3.230000 0.983893
3.240000 0.983985
3.250000 0.984075
3.260000 0.984165
3.270000 0.984254
3.280000 0.984342
3.290000 0.984430
3.300000 0.984517
3.310000 0.984603
3.320000 0.984688
3.330000 0.984773
3.340000 0.984857
3.350000 0.984941
3.360000 0.985023
3.370000 0.985106
3.380000 0.985187
3.390000 0.985268
3.400000 0.985348
3.410000 0.985428
3.420000 0.985506
3.430000 0.985585
3.440000 0.985662
3.450000 0.985740
3.460000 0.985816
3.470000 0.985892
3.480000 0.985967
3.490000 0.986042
3.500000 0.986116
3.510000 0.986190
3.520000 0.986263
3.530000 0.986335
3.540000 0.986407
3.550000 0.986478
3.560000 0.986549
3.570000 0.986619
3.580000 0.986689
3.590000 0.986758
3.600000 0.986827
3.610000 0.986895
3.620000 0.986963
3.630000 0.987030
3.640000 0.987096
3.650000 0.987162
3.660000 0.987228
3.670000 0.987293
3.680000 0.987358
3.690000 0.987422
3.700000 0.987486
3.710000 0.987549
3.720000 0.987612
3.730000 0.987674
3.740000 0.987736
3.750000 0.987797
3.760000 0.987858
3.770000 0.987919
3.780000 0.987979
3.790000 0.988038
3.800000 0.988098
3.810000 0.988156
3.820000 0.988215
3.830000 0.988273
3.840000 0.988330
3.850000 0.988387
3.860000 0.988444
3.870000 0.988500
3.880000 0.988556
3.890000 0.988612
3.900000 0.988667
3.910000 0.988721
3.920000 0.988776
3.930000 0.988830
3.940000 0.988883
3.950000 0.988936
3.960000 0.988989
3.970000 0.989041
3.980000 0.989094
3.990000 0.989145
4.000000 0.989197
4.010000 0.989248
4.020000 0.989298
4.030000 0.989348
4.040000 0.989398
4.050000 0.989448
4.060000 0.989497
4.070000 0.989546
4.080000 0.989595
4.090000 0.989643
4.100000 0.989691
4.110000 0.989739
4.120000 0.989786
4.130000 0.989833
4.140000 0.989879
4.150000 0.989926
4.160000 0.989972
4.170000 0.990017
4.180000 0.990063
4.190000 0.990108
4.200000 0.990153
4.210000 0.990197
4.220000 0.990241
4.230000 0.990285
4.240000 0.990329
4.250000 0.990372
4.260000 0.990415
4.270000 0.990458
4.280000 0.990501
4.290000 0.990543
4.300000 0.990585
4.310000 0.990626
4.320000 0.990668
4.330000 0.990709
4.340000 0.990750
4.350000 0.990790
4.360000 0.990831
4.370000 0.990871
4.380000 0.990911
4.390000 0.990950
4.400000 0.990989
4.410000 0.991028
4.420000 0.991067
4.430000 0.991106
4.440000 0.991144
4.450000 0.991182
4.460000 0.991220
4.470000 0.991258
4.480000 0.991295
4.490000 0.991332
4.500000 0.991369
4.510000 0.991406
4.520000 0.991442
4.530000 0.991478
4.540000 0.991514
4.550000 0.991550
4.560000 0.991585
4.570000 0.991621
4.580000 0.991656
4.590000 0.991691
4.600000 0.991725
4.610000 0.991760
4.620000 0.991794
4.630000 0.991828
4.640000 0.991862
4.650000 0.991895
4.660000 0.991929
4.670000 0.991962
4.680000 0.991995
4.690000 0.992028
4.700000 0.992060
4.710000 0.992093
4.720000 0.992125
4.730000 0.992157
4.740000 0.992189
4.750000 0.992220
4.760000 0.992252
4.770000 0.992283
4.780000 0.992314
4.790000 0.992345
4.800000 0.992376
4.810000 0.992406
4.820000 0.992437
4.830000 0.992467
4.840000 0.992497
4.850000 0.992527
4.860000 0.992556
4.870000 0.992586
4.880000 0.992615
4.890000 0.992644
4.900000 0.992673
4.910000 0.992702
4.920000 0.992730
4.930000 0.992759
4.940000 0.992787
4.950000 0.992815
4.960000 0.992843
4.970000 0.992871
4.980000 0.992899
4.990000 0.992926
5.000000 0.992953
5.010000 0.992981
5.020000 0.993008
5.030000 0.993034
5.040000 0.993061
5.050000 0.993088
5.060000 0.993114
5.070000 0.993140
5.080000 0.993166
5.090000 0.993192
5.100000 0.993218
5.110000 0.993244
5.120000 0.993269
5.130000 0.993295
5.140000 0.993320
5.150000 0.993345
5.160000 0.993370
5.170000 0.993395
5.180000 0.993419
5.190000 0.993444
5.200000 0.993468
5.210000 0.993493
5.220000 0.993517
5.230000 0.993541
5.240000 0.993565
5.250000 0.993588
5.260000 0.993612
5.270000 0.993636
5.280000 0.993659
5.290000 0.993682
5.300000 0.993705
5.310000 0.993728
5.320000 0.993751
5.330000 0.993774
5.340000 0.993796
5.350000 0.993819
5.360000 0.993841
5.370000 0.993864
5.380000 0.993886
5.390000 0.993908
5.400000 0.993930
5.410000 0.993951
5.420000 0.993973
5.430000 0.993995
5.440000 0.994016
5.450000 0.994037
5.460000 0.994059
5.470000 0.994080
5.480000 0.994101
5.490000 0.994121
5.500000 0.994142
5.510000 0.994163
5.520000 0.994183
5.530000 0.994204
5.540000 0.994224
5.550000 0.994244
5.560000 0.994265
5.570000 0.994285
5.580000 0.994304
5.590000 0.994324
5.600000 0.994344
5.610000 0.994364
5.620000 0.994383
5.630000 0.994403
5.640000 0.994422
5.650000 0.994441
5.660000 0.994460
5.670000 0.994479
5.680000 0.994498
5.690000 0.994517
5.700000 0.994536
5.710000 0.994554
5.720000 0.994573
5.730000 0.994591
5.740000 0.994610
5.750000 0.994628
5.760000 0.994646
5.770000 0.994664
5.780000 0.994682
5.790000 0.994700
5.800000 0.994718
5.810000 0.994735
5.820000 0.994753
5.830000 0.994771
5.840000 0.994788
5.850000 0.994805
5.860000 0.994823
5.870000 0.994840
5.880000 0.994857
5.890000 0.994874
5.900000 0.994891
5.910000 0.994908
5.920000 0.994925
5.930000 0.994941
5.940000 0.994958
5.950000 0.994974
5.960000 0.994991
5.970000 0.995007
5.980000 0.995024
5.990000 0.995040
6.000000 0.995056
6.010000 0.995072
6.020000 0.995088
6.030000 0.995104
6.040000 0.995120
6.050000 0.995135
6.060000 0.995151
6.070000 0.995167
6.080000 0.995182
6.090000 0.995198
6.100000 0.995213
6.110000 0.995228
6.120000 0.995244
6.130000 0.995259
6.140000 0.995274
6.150000 0.995289
6.160000 0.995304
6.170000 0.995319
6.180000 0.995334
6.190000 0.995348
6.200000 0.995363
6.210000 0.995378
6.220000 0.995392
6.230000 0.995407
6.240000 0.995421
6.250000 0.995435
6.260000 0.995449
6.270000 0.995464
6.280000 0.995478
6.290000 0.995492
6.300000 0.995506
6.310000 0.995520
6.320000 0.995534
6.330000 0.995547
6.340000 0.995561
6.350000 0.995575
6.360000 0.995589
6.370000 0.995602
6.380000 0.995616
6.390000 0.995629
6.400000 0.995642
6.410000 0.995656
6.420000 0.995669
6.430000 0.995682
6.440000 0.995695
6.450000 0.995708
6.460000 0.995721
6.470000 0.995734
6.480000 0.995747
6.490000 0.995760
6.500000 0.995773
6.510000 0.995785
6.520000 0.995798
6.530000 0.995811
6.540000 0.995823
6.550000 0.995836
6.560000 0.995848
6.570000 0.995861
6.580000 0.995873
6.590000 0.995885
6.600000 0.995897
6.610000 0.995910
6.620000 0.995922
6.630000 0.995934
6.640000 0.995946
6.650000 0.995958
6.660000 0.995970
6.670000 0.995981
6.680000 0.995993
6.690000 0.996005
6.700000 0.996017
6.710000 0.996028
6.720000 0.996040
6.730000 0.996051
6.740000 0.996063
6.750000 0.996074
6.760000 0.996086
6.770000 0.996097
6.780000 0.996108
6.790000 0.996120
6.800000 0.996131
6.810000 0.996142
6.820000 0.996153
6.830000 0.996164
6.840000 0.996175
6.850000 0.996186
6.860000 0.996197
6.870000 0.996208
6.880000 0.996219
6.890000 0.996230
6.900000 0.996240
6.910000 0.996251
6.920000 0.996262
6.930000 0.996272
6.940000 0.996283
6.950000 0.996293
6.960000 0.996304
6.970000 0.996314
6.980000 0.996324
6.990000 0.996335
7.000000 0.996345
7.010000 0.996355
7.020000 0.996366
7.030000 0.996376
7.040000 0.996386
7.050000 0.996396
7.060000 0.996406
7.070000 0.996416
7.080000 0.996426
7.090000 0.996436
7.100000 0.996446
7.110000 0.996455
7.120000 0.996465
7.130000 0.996475
7.140000 0.996485
7.150000 0.996494
7.160000 0.996504
7.170000 0.996514
7.180000 0.996523
7.190000 0.996533
7.200000 0.996542
7.210000 0.996552
7.220000 0.996561
7.230000 0.996570
7.240000 0.996580
7.250000 0.996589
7.260000 0.996598
7.270000 0.996607
7.280000 0.996616
7.290000 0.996626
7.300000 0.996635
7.310000 0.996644
7.320000 0.996653
7.330000 0.996662
7.340000 0.996671
7.350000 0.996680
7.360000 0.996688
7.370000 0.996697
7.380000 0.996706
7.390000 0.996715
7.400000 0.996724
7.410000 0.996732
7.420000 0.996741
7.430000 0.996750
7.440000 0.996758
7.450000 0.996767
7.460000 0.996775
7.470000 0.996784
7.480000 0.996792
7.490000 0.996801
7.500000 0.996809
7.510000 0.996818
7.520000 0.996826
7.530000 0.996834
7.540000 0.996842
7.550000 0.996851
7.560000 0.996859
7.570000 0.996867
7.580000 0.996875
7.590000 0.996883
7.600000 0.996891
7.610000 0.996899
7.620000 0.996907
7.630000 0.996915
7.640000 0.996923
7.650000 0.996931
7.660000 0.996939
7.670000 0.996947
7.680000 0.996955
7.690000 0.996963
7.700000 0.996970
7.710000 0.996978
7.720000 0.996986
7.730000 0.996994
7.740000 0.997001
7.750000 0.997009
7.760000 0.997016
7.770000 0.997024
7.780000 0.997032
7.790000 0.997039
7.800000 0.997047
7.810000 0.997054
7.820000 0.997061
7.830000 0.997069
7.840000 0.997076
7.850000 0.997084
7.860000 0.997091
7.870000 0.997098
7.880000 0.997105
7.890000 0.997113
7.900000 0.997120
7.910000 0.997127
7.920000 0.997134
7.930000 0.997141
7.940000 0.997148
7.950000 0.997155
7.960000 0.997163
7.970000 0.997170
7.980000 0.997177
7.990000 0.997184
8.000000 0.997190
8.010000 0.997197
8.020000 0.997204
8.030000 0.997211
8.040000 0.997218
8.050000 0.997225
8.060000 0.997232
8.070000 0.997238
8.080000 0.997245
8.090000 0.997252
8.100000 0.997259
8.110000 0.997265
8.120000 0.997272
8.130000 0.997278
8.140000 0.997285
8.150000 0.997292
8.160000 0.997298
8.170000 0.997305
8.180000 0.997311
8.190000 0.997318
8.200000 0.997324
8.210000 0.997331
8.220000 0.997337
8.230000 0.997343
8.240000 0.997350
8.250000 0.997356
8.260000 0.997362
8.270000 0.997369
8.280000 0.997375
8.290000 0.997381
8.300000 0.997387
8.310000 0.997394
8.320000 0.997400
8.330000 0.997406
8.340000 0.997412
8.350000 0.997418
8.360000 0.997424
8.370000 0.997430
8.380000 0.997437
8.390000 0.997443
8.400000 0.997449
8.410000 0.997455
8.420000 0.997461
8.430000 0.997466
8.440000 0.997472
8.450000 0.997478
8.460000 0.997484
8.470000 0.997490
8.480000 0.997496
8.490000 0.997502
8.500000 0.997508
8.510000 0.997513
8.520000 0.997519
8.530000 0.997525
8.540000 0.997531
8.550000 0.997536
8.560000 0.997542
8.570000 0.997548
8.580000 0.997553
8.590000 0.997559
8.600000 0.997565
8.610000 0.997570
8.620000 0.997576
8.630000 0.997581
8.640000 0.997587
8.650000 0.997592
8.660000 0.997598
8.670000 0.997603
8.680000 0.997609
8.690000 0.997614
8.700000 0.997620
8.710000 0.997625
8.720000 0.997630
8.730000 0.997636
8.740000 0.997641
8.750000 0.997646
8.760000 0.997652
8.770000 0.997657
8.780000 0.997662
8.790000 0.997668
8.800000 0.997673
8.810000 0.997678
8.820000 0.997683
8.830000 0.997688
8.840000 0.997694
8.850000 0.997699
8.860000 0.997704
8.870000 0.997709
8.880000 0.997714
8.890000 0.997719
8.900000 0.997724
8.910000 0.997729
8.920000 0.997734
8.930000 0.997739
8.940000 0.997744
8.950000 0.997749
8.960000 0.997754
8.970000 0.997759
8.980000 0.997764
8.990000 0.997769
9.000000 0.997774
9.010000 0.997779
9.020000 0.997784
9.030000 0.997789
9.040000 0.997793
9.050000 0.997798
9.060000 0.997803
9.070000 0.997808
9.080000 0.997813
9.090000 0.997817
9.100000 0.997822
9.110000 0.997827
9.120000 0.997832
9.130000 0.997836
9.140000 0.997841
9.150000 0.997846
9.160000 0.997850
9.170000 0.997855
9.180000 0.997860
9.190000 0.997864
9.200000 0.997869
9.210000 0.997873
9.220000 0.997878
9.230000 0.997882
9.240000 0.997887
9.250000 0.997892
