# Survival probability for electron (anti)neutrino of the given energy
1.800000 0.942546
1.810000 0.943008
1.820000 0.943466
1.830000 0.943920
1.840000 0.944370
1.850000 0.944815
1.860000 0.945256
1.870000 0.945693
1.880000 0.946126
1.890000 0.946554
1.900000 0.946979
1.910000 0.947399
1.920000 0.947816
1.930000 0.948228
1.940000 0.948636
1.950000 0.949040
1.960000 0.949441
1.970000 0.949837
1.980000 0.950230
1.990000 0.950619
2.000000 0.951004
2.010000 0.951385
2.020000 0.951762
2.030000 0.952136
2.040000 0.952506
2.050000 0.952872
2.060000 0.953234
2.070000 0.953594
2.080000 0.953949
2.090000 0.954301
2.100000 0.954649
2.110000 0.954994
2.120000 0.955336
2.130000 0.955674
2.140000 0.956009
2.150000 0.956341
2.160000 0.956669
2.170000 0.956994
2.180000 0.957316
2.190000 0.957634
2.200000 0.957950
2.210000 0.958262
2.220000 0.958571
2.230000 0.958877
2.240000 0.959180
2.250000 0.959480
2.260000 0.959778
2.270000 0.960072
2.280000 0.960363
2.290000 0.960652
2.300000 0.960937
2.310000 0.961220
2.320000 0.961500
2.330000 0.961777
2.340000 0.962052
2.350000 0.962324
2.360000 0.962593
2.370000 0.962860
2.380000 0.963124
2.390000 0.963385
2.400000 0.963644
2.410000 0.963900
2.420000 0.964154
2.430000 0.964406
2.440000 0.964655
2.450000 0.964902
2.460000 0.965146
2.470000 0.965388
2.480000 0.965627
2.490000 0.965865
2.500000 0.966100
2.510000 0.966332
2.520000 0.966563
2.530000 0.966791
2.540000 0.967018
2.550000 0.967242
2.560000 0.967464
2.570000 0.967684
2.580000 0.967901
2.590000 0.968117
2.600000 0.968331
2.610000 0.968543
2.620000 0.968752
2.630000 0.968960
2.640000 0.969166
2.650000 0.969370
2.660000 0.969572
2.670000 0.969772
2.680000 0.969970
2.690000 0.970167
2.700000 0.970361
2.710000 0.970554
2.720000 0.970745
2.730000 0.970935
2.740000 0.971122
2.750000 0.971308
2.760000 0.971493
2.770000 0.971675
2.780000 0.971856
2.790000 0.972035
2.800000 0.972213
2.810000 0.972389
2.820000 0.972563
2.830000 0.972736
2.840000 0.972908
2.850000 0.973077
2.860000 0.973246
2.870000 0.973413
2.880000 0.973578
2.890000 0.973742
2.900000 0.973904
2.910000 0.974065
2.920000 0.974225
2.930000 0.974383
2.940000 0.974540
2.950000 0.974695
2.960000 0.974849
2.970000 0.975002
2.980000 0.975153
2.990000 0.975304
3.000000 0.975452
3.010000 0.975600
3.020000 0.975746
3.030000 0.975891
3.040000 0.976035
3.050000 0.976177
3.060000 0.976319
3.070000 0.976459
3.080000 0.976598
3.090000 0.976736
3.100000 0.976872
3.110000 0.977008
3.120000 0.977142
3.130000 0.977275
3.140000 0.977407
3.150000 0.977538
3.160000 0.977668
3.170000 0.977797
3.180000 0.977924
3.190000 0.978051
3.200000 0.978176
3.210000 0.978301
3.220000 0.978425
3.230000 0.978547
3.240000 0.978669
3.250000 0.978789
3.260000 0.978909
3.270000 0.979027
3.280000 0.979145
3.290000 0.979261
3.300000 0.979377
3.310000 0.979492
3.320000 0.979606
3.330000 0.979719
3.340000 0.979831
3.350000 0.979942
3.360000 0.980052
3.370000 0.980162
3.380000 0.980270
3.390000 0.980378
3.400000 0.980485
3.410000 0.980590
3.420000 0.980696
3.430000 0.980800
3.440000 0.980903
3.450000 0.981006
3.460000 0.981108
3.470000 0.981209
3.480000 0.981309
3.490000 0.981409
3.500000 0.981507
3.510000 0.981605
3.520000 0.981703
3.530000 0.981799
3.540000 0.981895
3.550000 0.981990
3.560000 0.982084
3.570000 0.982178
3.580000 0.982271
3.590000 0.982363
3.600000 0.982454
3.610000 0.982545
3.620000 0.982635
3.630000 0.982724
3.640000 0.982813
3.650000 0.982901
3.660000 0.982989
3.670000 0.983075
3.680000 0.983162
3.690000 0.983247
3.700000 0.983332
3.710000 0.983416
3.720000 0.983500
3.730000 0.983583
3.740000 0.983665
3.750000 0.983747
3.760000 0.983828
3.770000 0.983909
3.780000 0.983989
3.790000 0.984068
3.800000 0.984147
3.810000 0.984225
3.820000 0.984303
3.830000 0.984380
3.840000 0.984456
3.850000 0.984532
3.860000 0.984608
3.870000 0.984683
3.880000 0.984757
3.890000 0.984831
3.900000 0.984905
3.910000 0.984977
3.920000 0.985050
3.930000 0.985122
3.940000 0.985193
3.950000 0.985264
3.960000 0.985334
3.970000 0.985404
3.980000 0.985473
3.990000 0.985542
4.000000 0.985611
4.010000 0.985678
4.020000 0.985746
4.030000 0.985813
4.040000 0.985879
4.050000 0.985945
4.060000 0.986011
4.070000 0.986076
4.080000 0.986141
4.090000 0.986205
4.100000 0.986269
4.110000 0.986332
4.120000 0.986395
4.130000 0.986458
4.140000 0.986520
4.150000 0.986582
4.160000 0.986643
4.170000 0.986704
4.180000 0.986764
4.190000 0.986824
4.200000 0.986884
4.210000 0.986943
4.220000 0.987002
4.230000 0.987061
4.240000 0.987119
4.250000 0.987177
4.260000 0.987234
4.270000 0.987291
4.280000 0.987347
4.290000 0.987404
4.300000 0.987460
4.310000 0.987515
4.320000 0.987570
4.330000 0.987625
4.340000 0.987679
4.350000 0.987733
4.360000 0.987787
4.370000 0.987840
4.380000 0.987893
4.390000 0.987946
4.400000 0.987998
4.410000 0.988050
4.420000 0.988102
4.430000 0.988154
4.440000 0.988205
4.450000 0.988255
4.460000 0.988306
4.470000 0.988356
4.480000 0.988405
4.490000 0.988455
4.500000 0.988504
4.510000 0.988553
4.520000 0.988601
4.530000 0.988650
4.540000 0.988697
4.550000 0.988745
4.560000 0.988792
4.570000 0.988839
4.580000 0.988886
4.590000 0.988933
4.600000 0.988979
4.610000 0.989025
4.620000 0.989070
4.630000 0.989115
4.640000 0.989160
4.650000 0.989205
4.660000 0.989250
4.670000 0.989294
4.680000 0.989338
4.690000 0.989382
4.700000 0.989425
4.710000 0.989468
4.720000 0.989511
4.730000 0.989554
4.740000 0.989596
4.750000 0.989638
4.760000 0.989680
4.770000 0.989722
4.780000 0.989763
4.790000 0.989804
4.800000 0.989845
4.810000 0.989886
4.820000 0.989926
4.830000 0.989966
4.840000 0.990006
4.850000 0.990046
4.860000 0.990085
4.870000 0.990125
4.880000 0.990164
4.890000 0.990202
4.900000 0.990241
4.910000 0.990279
4.920000 0.990317
4.930000 0.990355
4.940000 0.990393
4.950000 0.990430
4.960000 0.990468
4.970000 0.990505
4.980000 0.990541
4.990000 0.990578
5.000000 0.990614
5.010000 0.990651
5.020000 0.990686
5.030000 0.990722
5.040000 0.990758
5.050000 0.990793
5.060000 0.990828
5.070000 0.990863
5.080000 0.990898
5.090000 0.990933
5.100000 0.990967
5.110000 0.991001
5.120000 0.991035
5.130000 0.991069
5.140000 0.991103
5.150000 0.991136
5.160000 0.991169
5.170000 0.991202
5.180000 0.991235
5.190000 0.991268
5.200000 0.991300
5.210000 0.991333
5.220000 0.991365
5.230000 0.991397
5.240000 0.991429
5.250000 0.991460
5.260000 0.991492
5.270000 0.991523
5.280000 0.991554
5.290000 0.991585
5.300000 0.991616
5.310000 0.991646
5.320000 0.991677
5.330000 0.991707
5.340000 0.991737
5.350000 0.991767
5.360000 0.991797
5.370000 0.991827
5.380000 0.991856
5.390000 0.991885
5.400000 0.991915
5.410000 0.991944
5.420000 0.991972
5.430000 0.992001
5.440000 0.992030
5.450000 0.992058
5.460000 0.992086
5.470000 0.992114
5.480000 0.992142
5.490000 0.992170
5.500000 0.992198
5.510000 0.992225
5.520000 0.992253
5.530000 0.992280
5.540000 0.992307
5.550000 0.992334
5.560000 0.992361
5.570000 0.992387
5.580000 0.992414
5.590000 0.992440
5.600000 0.992467
5.610000 0.992493
5.620000 0.992519
5.630000 0.992545
5.640000 0.992570
5.650000 0.992596
5.660000 0.992621
5.670000 0.992647
5.680000 0.992672
5.690000 0.992697
5.700000 0.992722
5.710000 0.992747
5.720000 0.992771
5.730000 0.992796
5.740000 0.992820
5.750000 0.992845
5.760000 0.992869
5.770000 0.992893
5.780000 0.992917
5.790000 0.992941
5.800000 0.992964
5.810000 0.992988
5.820000 0.993011
5.830000 0.993035
5.840000 0.993058
5.850000 0.993081
5.860000 0.993104
5.870000 0.993127
5.880000 0.993150
5.890000 0.993173
5.900000 0.993195
5.910000 0.993218
5.920000 0.993240
5.930000 0.993262
5.940000 0.993284
5.950000 0.993306
5.960000 0.993328
5.970000 0.993350
5.980000 0.993372
5.990000 0.993393
6.000000 0.993415
6.010000 0.993436
6.020000 0.993458
6.030000 0.993479
6.040000 0.993500
6.050000 0.993521
6.060000 0.993542
6.070000 0.993562
6.080000 0.993583
6.090000 0.993604
6.100000 0.993624
6.110000 0.993645
6.120000 0.993665
6.130000 0.993685
6.140000 0.993705
6.150000 0.993725
6.160000 0.993745
6.170000 0.993765
6.180000 0.993785
6.190000 0.993804
6.200000 0.993824
6.210000 0.993843
6.220000 0.993862
6.230000 0.993882
6.240000 0.993901
6.250000 0.993920
6.260000 0.993939
6.270000 0.993958
6.280000 0.993977
6.290000 0.993995
6.300000 0.994014
6.310000 0.994033
6.320000 0.994051
6.330000 0.994070
6.340000 0.994088
6.350000 0.994106
6.360000 0.994124
6.370000 0.994142
6.380000 0.994160
6.390000 0.994178
6.400000 0.994196
6.410000 0.994214
6.420000 0.994231
6.430000 0.994249
6.440000 0.994266
6.450000 0.994284
6.460000 0.994301
6.470000 0.994318
6.480000 0.994335
6.490000 0.994353
6.500000 0.994370
6.510000 0.994387
6.520000 0.994403
6.530000 0.994420
6.540000 0.994437
6.550000 0.994454
6.560000 0.994470
6.570000 0.994487
6.580000 0.994503
6.590000 0.994519
6.600000 0.994536
6.610000 0.994552
6.620000 0.994568
6.630000 0.994584
6.640000 0.994600
6.650000 0.994616
6.660000 0.994632
6.670000 0.994648
6.680000 0.994663
6.690000 0.994679
6.700000 0.994695
6.710000 0.994710
6.720000 0.994725
6.730000 0.994741
6.740000 0.994756
6.750000 0.994771
6.760000 0.994787
6.770000 0.994802
6.780000 0.994817
6.790000 0.994832
6.800000 0.994847
6.810000 0.994861
6.820000 0.994876
6.830000 0.994891
6.840000 0.994906
6.850000 0.994920
6.860000 0.994935
6.870000 0.994949
6.880000 0.994964
6.890000 0.994978
6.900000 0.994992
6.910000 0.995007
6.920000 0.995021
6.930000 0.995035
6.940000 0.995049
6.950000 0.995063
6.960000 0.995077
6.970000 0.995091
6.980000 0.995104
6.990000 0.995118
7.000000 0.995132
7.010000 0.995146
7.020000 0.995159
7.030000 0.995173
7.040000 0.995186
7.050000 0.995200
7.060000 0.995213
7.070000 0.995226
7.080000 0.995239
7.090000 0.995253
7.100000 0.995266
7.110000 0.995279
7.120000 0.995292
7.130000 0.995305
7.140000 0.995318
7.150000 0.995331
7.160000 0.995344
7.170000 0.995356
7.180000 0.995369
7.190000 0.995382
7.200000 0.995394
7.210000 0.995407
7.220000 0.995419
7.230000 0.995432
7.240000 0.995444
7.250000 0.995457
7.260000 0.995469
7.270000 0.995481
7.280000 0.995493
7.290000 0.995506
7.300000 0.995518
7.310000 0.995530
7.320000 0.995542
7.330000 0.995554
7.340000 0.995566
7.350000 0.995577
7.360000 0.995589
7.370000 0.995601
7.380000 0.995613
7.390000 0.995624
7.400000 0.995636
7.410000 0.995648
7.420000 0.995659
7.430000 0.995671
7.440000 0.995682
7.450000 0.995694
7.460000 0.995705
7.470000 0.995716
7.480000 0.995728
7.490000 0.995739
7.500000 0.995750
7.510000 0.995761
7.520000 0.995772
7.530000 0.995783
7.540000 0.995794
7.550000 0.995805
7.560000 0.995816
7.570000 0.995827
7.580000 0.995838
7.590000 0.995849
7.600000 0.995859
7.610000 0.995870
7.620000 0.995881
7.630000 0.995891
7.640000 0.995902
7.650000 0.995913
7.660000 0.995923
7.670000 0.995934
7.680000 0.995944
7.690000 0.995954
7.700000 0.995965
7.710000 0.995975
7.720000 0.995985
7.730000 0.995996
7.740000 0.996006
7.750000 0.996016
7.760000 0.996026
7.770000 0.996036
7.780000 0.996046
7.790000 0.996056
7.800000 0.996066
7.810000 0.996076
7.820000 0.996086
7.830000 0.996096
7.840000 0.996106
7.850000 0.996115
7.860000 0.996125
7.870000 0.996135
7.880000 0.996145
7.890000 0.996154
7.900000 0.996164
7.910000 0.996173
7.920000 0.996183
7.930000 0.996192
7.940000 0.996202
7.950000 0.996211
7.960000 0.996221
7.970000 0.996230
7.980000 0.996239
7.990000 0.996249
8.000000 0.996258
8.010000 0.996267
8.020000 0.996276
8.030000 0.996285
8.040000 0.996295
8.050000 0.996304
8.060000 0.996313
8.070000 0.996322
8.080000 0.996331
8.090000 0.996340
8.100000 0.996349
8.110000 0.996357
8.120000 0.996366
8.130000 0.996375
8.140000 0.996384
8.150000 0.996393
8.160000 0.996401
8.170000 0.996410
8.180000 0.996419
8.190000 0.996427
8.200000 0.996436
8.210000 0.996445
8.220000 0.996453
8.230000 0.996462
8.240000 0.996470
8.250000 0.996478
8.260000 0.996487
8.270000 0.996495
8.280000 0.996504
8.290000 0.996512
8.300000 0.996520
8.310000 0.996529
8.320000 0.996537
8.330000 0.996545
8.340000 0.996553
8.350000 0.996561
8.360000 0.996569
8.370000 0.996578
8.380000 0.996586
8.390000 0.996594
8.400000 0.996602
8.410000 0.996610
8.420000 0.996618
8.430000 0.996626
8.440000 0.996633
8.450000 0.996641
8.460000 0.996649
8.470000 0.996657
8.480000 0.996665
8.490000 0.996672
8.500000 0.996680
8.510000 0.996688
8.520000 0.996696
8.530000 0.996703
8.540000 0.996711
8.550000 0.996718
8.560000 0.996726
8.570000 0.996734
8.580000 0.996741
8.590000 0.996749
8.600000 0.996756
8.610000 0.996764
8.620000 0.996771
8.630000 0.996778
8.640000 0.996786
8.650000 0.996793
8.660000 0.996800
8.670000 0.996808
8.680000 0.996815
8.690000 0.996822
8.700000 0.996829
8.710000 0.996837
8.720000 0.996844
8.730000 0.996851
8.740000 0.996858
8.750000 0.996865
8.760000 0.996872
8.770000 0.996879
8.780000 0.996886
8.790000 0.996893
8.800000 0.996900
8.810000 0.996907
8.820000 0.996914
8.830000 0.996921
8.840000 0.996928
8.850000 0.996935
8.860000 0.996942
8.870000 0.996949
8.880000 0.996955
8.890000 0.996962
8.900000 0.996969
8.910000 0.996976
8.920000 0.996982
8.930000 0.996989
8.940000 0.996996
8.950000 0.997002
8.960000 0.997009
8.970000 0.997015
8.980000 0.997022
8.990000 0.997029
9.000000 0.997035
9.010000 0.997042
9.020000 0.997048
9.030000 0.997055
9.040000 0.997061
9.050000 0.997067
9.060000 0.997074
9.070000 0.997080
9.080000 0.997087
9.090000 0.997093
9.100000 0.997099
9.110000 0.997106
9.120000 0.997112
9.130000 0.997118
9.140000 0.997124
9.150000 0.997131
9.160000 0.997137
9.170000 0.997143
9.180000 0.997149
9.190000 0.997155
9.200000 0.997161
9.210000 0.997167
9.220000 0.997174
9.230000 0.997180
9.240000 0.997186
9.250000 0.997192
