# Survival probability for electron (anti)neutrino of the given energy
1.800000 0.937815
1.810000 0.938316
1.820000 0.938811
1.830000 0.939302
1.840000 0.939789
1.850000 0.940271
1.860000 0.940748
1.870000 0.941221
1.880000 0.941690
1.890000 0.942154
1.900000 0.942613
1.910000 0.943068
1.920000 0.943519
1.930000 0.943965
1.940000 0.944407
1.950000 0.944844
1.960000 0.945278
1.970000 0.945707
1.980000 0.946132
1.990000 0.946552
2.000000 0.946969
2.010000 0.947382
2.020000 0.947790
2.030000 0.948194
2.040000 0.948595
2.050000 0.948991
2.060000 0.949384
2.070000 0.949772
2.080000 0.950157
2.090000 0.950538
2.100000 0.950915
2.110000 0.951289
2.120000 0.951658
2.130000 0.952024
2.140000 0.952387
2.150000 0.952746
2.160000 0.953101
2.170000 0.953453
2.180000 0.953801
2.190000 0.954146
2.200000 0.954487
2.210000 0.954825
2.220000 0.955160
2.230000 0.955491
2.240000 0.955819
2.250000 0.956144
2.260000 0.956466
2.270000 0.956784
2.280000 0.957099
2.290000 0.957412
2.300000 0.957721
2.310000 0.958027
2.320000 0.958330
2.330000 0.958630
2.340000 0.958927
2.350000 0.959221
2.360000 0.959513
2.370000 0.959801
2.380000 0.960087
2.390000 0.960370
2.400000 0.960650
2.410000 0.960928
2.420000 0.961203
2.430000 0.961475
2.440000 0.961745
2.450000 0.962011
2.460000 0.962276
2.470000 0.962538
2.480000 0.962797
2.490000 0.963054
2.500000 0.963308
2.510000 0.963560
2.520000 0.963810
2.530000 0.964057
2.540000 0.964302
2.550000 0.964544
2.560000 0.964785
2.570000 0.965023
2.580000 0.965258
2.590000 0.965492
2.600000 0.965723
2.610000 0.965952
2.620000 0.966179
2.630000 0.966404
2.640000 0.966627
2.650000 0.966848
2.660000 0.967066
2.670000 0.967283
2.680000 0.967498
2.690000 0.967710
2.700000 0.967921
2.710000 0.968130
2.720000 0.968336
2.730000 0.968541
2.740000 0.968745
2.750000 0.968946
2.760000 0.969145
2.770000 0.969343
2.780000 0.969539
2.790000 0.969733
2.800000 0.969925
2.810000 0.970115
2.820000 0.970304
2.830000 0.970491
2.840000 0.970677
2.850000 0.970861
2.860000 0.971043
2.870000 0.971223
2.880000 0.971402
2.890000 0.971580
2.900000 0.971756
2.910000 0.971930
2.920000 0.972102
2.930000 0.972274
2.940000 0.972443
2.950000 0.972612
2.960000 0.972778
2.970000 0.972944
2.980000 0.973108
2.990000 0.973270
3.000000 0.973431
3.010000 0.973591
3.020000 0.973749
3.030000 0.973906
3.040000 0.974062
3.050000 0.974216
3.060000 0.974369
3.070000 0.974520
3.080000 0.974671
3.090000 0.974820
3.100000 0.974968
3.110000 0.975114
3.120000 0.975260
3.130000 0.975404
3.140000 0.975547
3.150000 0.975688
3.160000 0.975829
3.170000 0.975968
3.180000 0.976106
3.190000 0.976244
3.200000 0.976379
3.210000 0.976514
3.220000 0.976648
3.230000 0.976781
3.240000 0.976912
3.250000 0.977043
3.260000 0.977172
3.270000 0.977300
3.280000 0.977428
3.290000 0.977554
3.300000 0.977679
3.310000 0.977803
3.320000 0.977927
3.330000 0.978049
3.340000 0.978170
3.350000 0.978290
3.360000 0.978410
3.370000 0.978528
3.380000 0.978645
3.390000 0.978762
3.400000 0.978878
3.410000 0.978992
3.420000 0.979106
3.430000 0.979219
3.440000 0.979331
3.450000 0.979442
3.460000 0.979552
3.470000 0.979662
3.480000 0.979770
3.490000 0.979878
3.500000 0.979985
3.510000 0.980091
3.520000 0.980196
3.530000 0.980300
3.540000 0.980404
3.550000 0.980507
3.560000 0.980609
3.570000 0.980710
3.580000 0.980811
3.590000 0.980910
3.600000 0.981009
3.610000 0.981108
3.620000 0.981205
3.630000 0.981302
3.640000 0.981398
3.650000 0.981493
3.660000 0.981588
3.670000 0.981682
3.680000 0.981775
3.690000 0.981868
3.700000 0.981959
3.710000 0.982051
3.720000 0.982141
3.730000 0.982231
3.740000 0.982320
3.750000 0.982408
3.760000 0.982496
3.770000 0.982584
3.780000 0.982670
3.790000 0.982756
3.800000 0.982841
3.810000 0.982926
3.820000 0.983010
3.830000 0.983094
3.840000 0.983177
3.850000 0.983259
3.860000 0.983341
3.870000 0.983422
3.880000 0.983502
3.890000 0.983582
3.900000 0.983662
3.910000 0.983741
3.920000 0.983819
3.930000 0.983897
3.940000 0.983974
3.950000 0.984050
3.960000 0.984126
3.970000 0.984202
3.980000 0.984277
3.990000 0.984352
4.000000 0.984426
4.010000 0.984499
4.020000 0.984572
4.030000 0.984645
4.040000 0.984717
4.050000 0.984788
4.060000 0.984859
4.070000 0.984930
4.080000 0.985000
4.090000 0.985069
4.100000 0.985138
4.110000 0.985207
4.120000 0.985275
4.130000 0.985343
4.140000 0.985410
4.150000 0.985477
4.160000 0.985543
4.170000 0.985609
4.180000 0.985675
4.190000 0.985740
4.200000 0.985804
4.210000 0.985868
4.220000 0.985932
4.230000 0.985995
4.240000 0.986058
4.250000 0.986121
4.260000 0.986183
4.270000 0.986244
4.280000 0.986306
4.290000 0.986366
4.300000 0.986427
4.310000 0.986487
4.320000 0.986547
4.330000 0.986606
4.340000 0.986665
4.350000 0.986723
4.360000 0.986781
4.370000 0.986839
4.380000 0.986897
4.390000 0.986954
4.400000 0.987010
4.410000 0.987067
4.420000 0.987122
4.430000 0.987178
4.440000 0.987233
4.450000 0.987288
4.460000 0.987343
4.470000 0.987397
4.480000 0.987451
4.490000 0.987504
4.500000 0.987557
4.510000 0.987610
4.520000 0.987663
4.530000 0.987715
4.540000 0.987767
4.550000 0.987818
4.560000 0.987869
4.570000 0.987920
4.580000 0.987971
4.590000 0.988021
4.600000 0.988071
4.610000 0.988121
4.620000 0.988170
4.630000 0.988219
4.640000 0.988268
4.650000 0.988316
4.660000 0.988364
4.670000 0.988412
4.680000 0.988460
4.690000 0.988507
4.700000 0.988554
4.710000 0.988601
4.720000 0.988647
4.730000 0.988693
4.740000 0.988739
4.750000 0.988785
4.760000 0.988830
4.770000 0.988875
4.780000 0.988920
4.790000 0.988965
4.800000 0.989009
4.810000 0.989053
4.820000 0.989097
4.830000 0.989140
4.840000 0.989183
4.850000 0.989226
4.860000 0.989269
4.870000 0.989311
4.880000 0.989354
4.890000 0.989396
4.900000 0.989437
4.910000 0.989479
4.920000 0.989520
4.930000 0.989561
4.940000 0.989602
4.950000 0.989642
4.960000 0.989683
4.970000 0.989723
4.980000 0.989763
4.990000 0.989802
5.000000 0.989841
5.010000 0.989881
5.020000 0.989920
5.030000 0.989958
5.040000 0.989997
5.050000 0.990035
5.060000 0.990073
5.070000 0.990111
5.080000 0.990149
5.090000 0.990186
5.100000 0.990223
5.110000 0.990260
5.120000 0.990297
5.130000 0.990334
5.140000 0.990370
5.150000 0.990406
5.160000 0.990442
5.170000 0.990478
5.180000 0.990513
5.190000 0.990549
5.200000 0.990584
5.210000 0.990619
5.220000 0.990654
5.230000 0.990688
5.240000 0.990723
5.250000 0.990757
5.260000 0.990791
5.270000 0.990825
5.280000 0.990859
5.290000 0.990892
5.300000 0.990925
5.310000 0.990959
5.320000 0.990992
5.330000 0.991024
5.340000 0.991057
5.350000 0.991089
5.360000 0.991122
5.370000 0.991154
5.380000 0.991186
5.390000 0.991217
5.400000 0.991249
5.410000 0.991280
5.420000 0.991311
5.430000 0.991342
5.440000 0.991373
5.450000 0.991404
5.460000 0.991435
5.470000 0.991465
5.480000 0.991495
5.490000 0.991525
5.500000 0.991555
5.510000 0.991585
5.520000 0.991615
5.530000 0.991644
5.540000 0.991674
5.550000 0.991703
5.560000 0.991732
5.570000 0.991761
5.580000 0.991789
5.590000 0.991818
5.600000 0.991846
5.610000 0.991875
5.620000 0.991903
5.630000 0.991931
5.640000 0.991958
5.650000 0.991986
5.660000 0.992014
5.670000 0.992041
5.680000 0.992068
5.690000 0.992096
5.700000 0.992123
5.710000 0.992149
5.720000 0.992176
5.730000 0.992203
5.740000 0.992229
5.750000 0.992255
5.760000 0.992282
5.770000 0.992308
5.780000 0.992334
5.790000 0.992359
5.800000 0.992385
5.810000 0.992411
5.820000 0.992436
5.830000 0.992461
5.840000 0.992486
5.850000 0.992511
5.860000 0.992536
5.870000 0.992561
5.880000 0.992586
5.890000 0.992610
5.900000 0.992635
5.910000 0.992659
5.920000 0.992683
5.930000 0.992707
5.940000 0.992731
5.950000 0.992755
5.960000 0.992779
5.970000 0.992802
5.980000 0.992826
5.990000 0.992849
6.000000 0.992873
6.010000 0.992896
6.020000 0.992919
6.030000 0.992942
6.040000 0.992965
6.050000 0.992987
6.060000 0.993010
6.070000 0.993032
6.080000 0.993055
6.090000 0.993077
6.100000 0.993099
6.110000 0.993121
6.120000 0.993143
6.130000 0.993165
6.140000 0.993187
6.150000 0.993208
6.160000 0.993230
6.170000 0.993251
6.180000 0.993273
6.190000 0.993294
6.200000 0.993315
6.210000 0.993336
6.220000 0.993357
6.230000 0.993378
6.240000 0.993399
6.250000 0.993419
6.260000 0.993440
6.270000 0.993460
6.280000 0.993481
6.290000 0.993501
6.300000 0.993521
6.310000 0.993541
6.320000 0.993561
6.330000 0.993581
6.340000 0.993601
6.350000 0.993621
6.360000 0.993640
6.370000 0.993660
6.380000 0.993679
6.390000 0.993699
6.400000 0.993718
6.410000 0.993737
6.420000 0.993756
6.430000 0.993775
6.440000 0.993794
6.450000 0.993813
6.460000 0.993832
6.470000 0.993850
6.480000 0.993869
6.490000 0.993888
6.500000 0.993906
6.510000 0.993924
6.520000 0.993943
6.530000 0.993961
6.540000 0.993979
6.550000 0.993997
6.560000 0.994015
6.570000 0.994033
6.580000 0.994050
6.590000 0.994068
6.600000 0.994086
6.610000 0.994103
6.620000 0.994121
6.630000 0.994138
6.640000 0.994155
6.650000 0.994173
6.660000 0.994190
6.670000 0.994207
6.680000 0.994224
6.690000 0.994241
6.700000 0.994258
6.710000 0.994274
6.720000 0.994291
6.730000 0.994308
6.740000 0.994324
6.750000 0.994341
6.760000 0.994357
6.770000 0.994374
6.780000 0.994390
6.790000 0.994406
6.800000 0.994422
6.810000 0.994438
6.820000 0.994454
6.830000 0.994470
6.840000 0.994486
6.850000 0.994502
6.860000 0.994518
6.870000 0.994533
6.880000 0.994549
6.890000 0.994564
6.900000 0.994580
6.910000 0.994595
6.920000 0.994611
6.930000 0.994626
6.940000 0.994641
6.950000 0.994656
6.960000 0.994671
6.970000 0.994686
6.980000 0.994701
6.990000 0.994716
7.000000 0.994731
7.010000 0.994746
7.020000 0.994761
7.030000 0.994775
7.040000 0.994790
7.050000 0.994804
7.060000 0.994819
7.070000 0.994833
7.080000 0.994847
7.090000 0.994862
7.100000 0.994876
7.110000 0.994890
7.120000 0.994904
7.130000 0.994918
7.140000 0.994932
7.150000 0.994946
7.160000 0.994960
7.170000 0.994974
7.180000 0.994988
7.190000 0.995001
7.200000 0.995015
7.210000 0.995029
7.220000 0.995042
7.230000 0.995056
7.240000 0.995069
7.250000 0.995082
7.260000 0.995096
7.270000 0.995109
7.280000 0.995122
7.290000 0.995135
7.300000 0.995149
7.310000 0.995162
7.320000 0.995175
7.330000 0.995188
7.340000 0.995200
7.350000 0.995213
7.360000 0.995226
7.370000 0.995239
7.380000 0.995252
7.390000 0.995264
7.400000 0.995277
7.410000 0.995289
7.420000 0.995302
7.430000 0.995314
7.440000 0.995327
7.450000 0.995339
7.460000 0.995351
7.470000 0.995364
7.480000 0.995376
7.490000 0.995388
7.500000 0.995400
7.510000 0.995412
7.520000 0.995424
7.530000 0.995436
7.540000 0.995448
7.550000 0.995460
7.560000 0.995472
7.570000 0.995483
7.580000 0.995495
7.590000 0.995507
7.600000 0.995519
7.610000 0.995530
7.620000 0.995542
7.630000 0.995553
7.640000 0.995565
7.650000 0.995576
7.660000 0.995587
7.670000 0.995599
7.680000 0.995610
7.690000 0.995621
7.700000 0.995633
7.710000 0.995644
7.720000 0.995655
7.730000 0.995666
7.740000 0.995677
7.750000 0.995688
7.760000 0.995699
7.770000 0.995710
7.780000 0.995721
7.790000 0.995731
7.800000 0.995742
7.810000 0.995753
7.820000 0.995764
7.830000 0.995774
7.840000 0.995785
7.850000 0.995796
7.860000 0.995806
7.870000 0.995817
7.880000 0.995827
7.890000 0.995838
7.900000 0.995848
7.910000 0.995858
7.920000 0.995869
7.930000 0.995879
7.940000 0.995889
7.950000 0.995899
7.960000 0.995909
7.970000 0.995920
7.980000 0.995930
7.990000 0.995940
8.000000 0.995950
8.010000 0.995960
8.020000 0.995970
8.030000 0.995980
8.040000 0.995989
8.050000 0.995999
8.060000 0.996009
8.070000 0.996019
8.080000 0.996029
8.090000 0.996038
8.100000 0.996048
8.110000 0.996057
8.120000 0.996067
8.130000 0.996077
8.140000 0.996086
8.150000 0.996096
8.160000 0.996105
8.170000 0.996114
8.180000 0.996124
8.190000 0.996133
8.200000 0.996142
8.210000 0.996152
8.220000 0.996161
8.230000 0.996170
8.240000 0.996179
8.250000 0.996189
8.260000 0.996198
8.270000 0.996207
8.280000 0.996216
8.290000 0.996225
8.300000 0.996234
8.310000 0.996243
8.320000 0.996252
8.330000 0.996260
8.340000 0.996269
8.350000 0.996278
8.360000 0.996287
8.370000 0.996296
8.380000 0.996304
8.390000 0.996313
8.400000 0.996322
8.410000 0.996330
8.420000 0.996339
8.430000 0.996348
8.440000 0.996356
8.450000 0.996365
8.460000 0.996373
8.470000 0.996382
8.480000 0.996390
8.490000 0.996398
8.500000 0.996407
8.510000 0.996415
8.520000 0.996424
8.530000 0.996432
8.540000 0.996440
8.550000 0.996448
8.560000 0.996456
8.570000 0.996465
8.580000 0.996473
8.590000 0.996481
8.600000 0.996489
8.610000 0.996497
8.620000 0.996505
8.630000 0.996513
8.640000 0.996521
8.650000 0.996529
8.660000 0.996537
8.670000 0.996545
8.680000 0.996553
8.690000 0.996561
8.700000 0.996568
8.710000 0.996576
8.720000 0.996584
8.730000 0.996592
8.740000 0.996599
8.750000 0.996607
8.760000 0.996615
8.770000 0.996622
8.780000 0.996630
8.790000 0.996638
8.800000 0.996645
8.810000 0.996653
8.820000 0.996660
8.830000 0.996668
8.840000 0.996675
8.850000 0.996682
8.860000 0.996690
8.870000 0.996697
8.880000 0.996705
8.890000 0.996712
8.900000 0.996719
8.910000 0.996727
8.920000 0.996734
8.930000 0.996741
8.940000 0.996748
8.950000 0.996755
8.960000 0.996763
8.970000 0.996770
8.980000 0.996777
8.990000 0.996784
9.000000 0.996791
9.010000 0.996798
9.020000 0.996805
9.030000 0.996812
9.040000 0.996819
9.050000 0.996826
9.060000 0.996833
9.070000 0.996840
9.080000 0.996847
9.090000 0.996854
9.100000 0.996860
9.110000 0.996867
9.120000 0.996874
9.130000 0.996881
9.140000 0.996888
9.150000 0.996894
9.160000 0.996901
9.170000 0.996908
9.180000 0.996914
9.190000 0.996921
9.200000 0.996928
9.210000 0.996934
9.220000 0.996941
9.230000 0.996947
9.240000 0.996954
9.250000 0.996960
